104   2  67   1   0   0  0  2 2.25   1 314 237 147 276 228 322   0  0    2 246 237 314 147 276 228   9   9 26.6671 
104   2  67   1   0   0  0  1 1.00   2  68 147 265 263 292 254   0  0    3 283 265  68 147 263 292  18  18 12.9231 
104   2  67   1   0   0  0  1 1.00   3 276 310 353 61 349 145   0  0    2 244 310 276 353  61 349 -66  66 26.8313 
104   2  67   1   0   0  0  2 2.25   4 117 165 167 260 319 134   0  0    4 249 260 117 165 167 319 -11  11 4.4781 
104   2  67   1   1   0  0  1 1.00   1  27 179 237 286 109 146   0  0    5 105 109  27 179 237 286  -4   4 6.6622 
104   2  67   1   1   0  0  1 1.00   2 151 306 325 77 181 188   0  0    5 173 181 151 306 325  77  -8   8 6.5321 
104   2  67   1   1   0  0  2 2.25   3  41 226 12 96 357  95   0  0    4 238  96  41 226  12 357 142 142 4.8681 
104   2  67   1   1   0  0  1 1.00   4 191 294  7 306 325 129   0  0    2 302 294 191   7 306 325   8   8 3.6920 
104   2  67   1   1   0  0  2 2.25   5 197 269 323 241 106  95   0  0    5 300 106 197 269 323 241 -166 166 5.4245 
104   2  67   1   1   0  0  1 1.00   6  46 276 104 220 113 249   0  0    2 236 276  46 104 220 113 -40  40 4.7452 
104   2  67   1   1   0  0  1 1.00   7  75 69 292 194 339   5   0  0    5 338 339  75  69 292 194  -1   1 3.6139 
104   2  67   1   1   0  0  2 2.25   8 136 213 13 127 281 266   0  0    5 280 281 136 213  13 127  -1   1 3.2698 
104   2  67   1   1   0  0  2 2.25   9 306 123 324 240 173 126   0  0    1 287 306 123 324 240 173 -19  19 3.2355 
104   2  67   1   1   0  0  2 2.25  10 146 316 289 98 18  21   0  0    3 276 289 146 316  98  18 -13  13 6.1944 
104   2  67   1   1   0  0  1 1.00  11  20 115 52 50 360 332   0  0    3  75  52  20 115  50 360  23  23 6.7074 
104   2  67   1   1   0  0  2 2.25  12   2 44 19 123 60 173   0  0    3  34  19   2  44 123  60  15  15 3.6439 
104   2  67   1   1   0  0  1 1.00  13 156 323 299 133 145 201   0  0    1 184 156 323 299 133 145  28  28 9.7017 
104   2  67   1   1   0  0  1 1.00  14 149 281 335  5 240 167   0  0    5 242 240 149 281 335   5   2   2 6.7909 
104   2  67   1   1   0  0  1 1.00  15 311 345 38 87 314 196   0  0    3  64  38 311 345  87 314  26  26 9.3593 
104   2  67   1   1   0  0  2 2.25  16 200 71 337 33 269  98   0  0    1 176 200  71 337  33 269 -24  24 6.8748 
104   2  67   1   1   0  0  1 1.00  17  81 72 336 202 305 331   0  0    3  89 336  81  72 202 305 113 113 10.5676 
104   2  67   1   1   0  0  1 1.00  18 311 295 119 272 219 148   0  0    4 287 272 311 295 119 219  15  15 5.2053 
104   2  67   1   1   0  0  1 1.00  19 212 231 78 255 298 256   0  0    4 314 255 212 231  78 298  59  59 6.1988 
104   2  67   1   1   0  0  2 2.25  20 280 111 74 50 293  33   0  0    1 285 280 111  74  50 293   5   5 5.9486 
104   2  67   1   1   0  0  1 1.00  21 339 218 153 297 272 313   0  0    3 353 153 339 218 297 272 -160 160 3.3999 
104   2  67   1   1   0  0  2 2.25  22 228 229 41 274 260 344   0  0    3  40  41 228 229 274 260  -1   1 3.1688 
104   2  67   1   1   0  0  1 1.00  23 122 117 296  4 44 106   0  0    3 288 296 122 117   4  44  -8   8 4.0139 
104   2  67   1   1   0  0  1 1.00  24 289 58 160 77 101  76   0  0    3 208 160 289  58  77 101  48  48 5.9607 
104   2  67   1   1   0  0  2 2.25  25 113 58 52 180 159 263   0  0    4 193 180 113  58  52 159  13  13 5.6080 
104   2  67   1   1   0  0  2 2.25  26 134 235 305 181 306 248   0  0    4  54 181 134 235 305 306 -127 127 6.1508 
104   2  67   1   1   0  0  2 2.25  27 344  4 266 244 258  63   0  0    3 273 266 344   4 244 258   7   7 7.1665 
104   2  67   1   1   0  0  2 2.25  28 125 321 152 225 348  72   0  0    2 276 321 125 152 225 348 -45  45 27.4678 
104   2  67   1   1   0  0  2 2.25  29 357 269 255 254 134 280   0  0    1 358 357 269 255 254 134   1   1 3.3524 
104   2  67   1   1   0  0  2 2.25  30  15 161 40 353 232 143   0  0    2 136 161  15  40 353 232 -25  25 3.4505 
104   2  67   1   1   0  0  1 1.00  31  76 358 264 302 73  24   0  0    4 281 302  76 358 264  73 -21  21 5.7886 
104   2  67   1   1   0  0  2 2.25  32 131 151 257 158 146  72   0  0    5 146 146 131 151 257 158   0   0 4.4427 
104   2  67   1   1   0  0  2 2.25  33 231 24 206 318 258 182   0  0    4 285 318 231  24 206 258 -33  33 14.7920 
104   2  67   1   1   0  0  2 2.25  34 202 171 121 164 253 353   0  0    1 232 202 171 121 164 253  30  30 3.9492 
104   2  67   1   1   0  0  1 1.00  35  19 351 250 232 70  31   0  0    3 249 250  19 351 232  70  -1   1 4.4187 
104   2  67   1   1   0  0  1 1.00  36  63 221 150 13 149 199   0  0    3 177 150  63 221  13 149  27  27 8.2763 
104   2  67   1   1   0  0  1 1.00  37   1 236 59 94 252 159   0  0    2 240 236   1  59  94 252   4   4 3.5279 
104   2  67   1   1   0  0  2 2.25  38 213 249 69 123 229 173   0  0    2 241 249 213  69 123 229  -8   8 5.0032 
104   2  67   1   1   0  0  2 2.25  39 310 275 36 180 199  12   0  0    3  63  36 310 275 180 199  27  27 4.7695 
104   2  67   1   1   0  0  1 1.00  40 288 23 40 179 168  73   0  0    5 198 168 288  23  40 179  30  30 5.2609 
104   2  67   1   1   0  0  2 2.25  41 339 19 270 227 33 338   0  0    1 317 339  19 270 227  33 -22  22 18.2245 
104   2  67   1   1   0  0  1 1.00  42 200 130 88 120 220 138   0  0    2  99 130 200  88 120 220 -31  31 3.6359 
104   2  67   1   1   0  0  1 1.00  43 113 231 104 319 187 311   0  0    1 116 113 231 104 319 187   3   3 4.5258 
104   2  67   1   1   0  0  1 1.00  44 341 339 299 349 321  13   0  0    1 300 341 339 299 349 321 -41  41 6.0434 
104   2  67   1   1   0  0  1 1.00  45 264 317 228 130 182 321   0  0    3 264 228 264 317 130 182  36  36 7.1866 
104   2  67   1   1   0  0  2 2.25  46 100 120 267 40 39 103   0  0    2 136 120 100 267  40  39  16  16 4.3679 
104   2  67   1   1   0  0  1 1.00  47 187 283 346 259 352 127   0  0    1 202 187 283 346 259 352  15  15 6.5644 
104   2  67   1   1   0  0  2 2.25  48 194 360 240 272 61 267   0  0    4 224 272 194 360 240  61 -48  48 42.7377 
104   2  67   1   1   0  0  2 2.25  49 247 188 102 220 239 120   0  0    3 125 102 247 188 220 239  23  23 8.9874 
104   2  67   1   1   0  0  1 1.00  50 104 85 98 270 125 201   0  0    5 117 125 104  85  98 270  -8   8 4.4262 
104   2  67   1   1   0  0  2 2.25  51  78 238 157 288 79 151   0  0    2 242 238  78 157 288  79   4   4 3.2675 
104   2  67   1   1   0  0  2 2.25  52  57 195 88 317 141  83   0  0    4 280 317  57 195  88 141 -37  37 4.0171 
104   2  67   1   1   0  0  2 2.25  53  28 323 101 204 80 307   0  0    1  38  28 323 101 204  80  10  10 2.8887 
104   2  67   1   1   0  0  2 2.25  54 330 214 355 265 86 204   0  0    5  74  86 330 214 355 265 -12  12 4.3660 
104   2  67   1   1   0  0  1 1.00  55 250 167 49 340 218 333   0  0    3  33  49 250 167 340 218 -16  16 5.7544 
104   2  67   1   1   0  0  1 1.00  56 237  3 79 185 319 221   0  0    5 281 319 237   3  79 185 -38  38 11.7171 
104   2  67   1   1   0  0  2 2.25  57 221 57 271 303 313 248   0  0    1 240 221  57 271 303 313  19  19 3.6082 
104   2  67   1   1   0  0  1 1.00  58 111 232 275 61 106 346   0  0    4  98  61 111 232 275 106  37  37 5.6994 
104   2  67   1   1   0  0  2 2.25  59  54 234 323 154 47 319   0  0    1  27  54 234 323 154  47 -27  27 3.2618 
104   2  67   1   1   0  0  2 2.25  60  56 99 277 104 302 255   0  0    5 332 302  56  99 277 104  30  30 13.6677 
104   2  67   1   1   0  0  1 1.00  61 225 319  2 264 180  81   0  0    5 186 180 225 319   2 264   6   6 12.2098 
104   2  67   1   1   0  0  2 2.25  62 160 277 229 177  2 216   0  0    3 247 229 160 277 177   2  18  18 2.5450 
104   2  67   1   1   0  0  1 1.00  63  48 67 119 322 220  82   0  0    3 115 119  48  67 322 220  -4   4 2.4242 
104   2  67   1   1   0  0  2 2.25  64  58 350 140 283 111 220   0  0    5  96 111  58 350 140 283 -15  15 7.9286 
104   2  67   1   1   0  0  2 2.25  65  80  7 302 49 265  94   0  0    3 291 302  80   7  49 265 -11  11 5.9911 
104   2  67   1   1   0  0  2 2.25  66 159 180 156 39 309 341   0  0    2 163 180 159 156  39 309 -17  17 5.5890 
104   2  67   1   1   0  0  2 2.25  67 259 81 94 166 83 325   0  0    2  81  81 259  94 166  83   0   0 7.6833 
104   2  67   1   1   0  0  1 1.00  68 145 75 240 77 125 167   0  0    4  78  77 145  75 240 125   1   1 27.8306 
104   2  67   1   1   0  0  2 2.25  69 215 152 61 343 169 214   0  0    5 145 169 215 152  61 343 -24  24 4.7961 
104   2  67   1   1   0  0  2 2.25  70 130 46 185 167 10  15   0  0    5 345  10 130  46 185 167 -25  25 4.5394 
104   2  67   1   1   0  0  1 1.00  71 139 294 110 143 293 105   0  0    1 149 139 294 110 143 293  10  10 4.0403 
104   2  67   1   1   0  0  2 2.25  72  68 30 329 107 109 114   0  0    1  27  68  30 329 107 109 -41  41 2.9825 
104   2  67   1   1   0  0  1 1.00  73  33 339 127 34 346 168   0  0    4  41  34  33 339 127 346   7   7 4.9718 
104   2  67   1   1   0  0  1 1.00  74  48 309 248 72 358  79   0  0    4  41  72  48 309 248 358 -31  31 2.9750 
104   2  67   1   1   0  0  2 2.25  75   2 221 306 245 334 243   0  0    3 284 306   2 221 245 334 -22  22 2.9849 
104   2  67   1   1   0  0  2 2.25  76 250 288 84 101 39 326   0  0    4 104 101 250 288  84  39   3   3 5.3611 
104   2  67   1   1   0  0  1 1.00  77 351 176 321 315 58  16   0  0    5  96  58 351 176 321 315  38  38 7.6764 
104   2  67   1   1   0  0  1 1.00  78 319 311 170 145 284 103   0  0    5 289 284 319 311 170 145   5   5 3.3606 
104   2  67   1   1   0  0  1 1.00  79 324 160 282 85 24 287   0  0    5 335  24 324 160 282  85 -49  49 19.2537 
104   2  67   1   1   0  0  2 2.25  80 160 336 215 181 139 235   0  0    5  86 139 160 336 215 181 -53  53 5.4671 
104   2  67   1   1   0  0  2 2.25  81  30 34 284 237 144  76   0  0    5 159 144  30  34 284 237  15  15 3.7110 
104   2  67   1   1   0  0  1 1.00  82  52 292 354 182 330 340   0  0    4 173 182  52 292 354 330  -9   9 3.5743 
104   2  67   1   1   0  0  1 1.00  83 248 356 72 295 21 274   0  0    5 336  21 248 356  72 295 -45  45 3.1070 
104   2  67   1   1   0  0  2 2.25  84 285 168 141 232 354 326   0  0    2 178 168 285 141 232 354  10  10 2.9675 
104   2  67   1   1   0  0  2 2.25  85 223 46 331 297 307 172   0  0    2 360  46 223 331 297 307 -46  46 7.2093 
104   2  67   1   1   0  0  1 1.00  86 258 193 118 199 137  62   0  0    1 237 258 193 118 199 137 -21  21 3.1286 
104   2  67   1   1   0  0  2 2.25  87  98 280  5 322 286 114   0  0    3  45   5  98 280 322 286  40  40 2.9965 
104   2  67   1   1   0  0  2 2.25  88 358 100 352 93 359 138   0  0    4  58  93 358 100 352 359 -35  35 3.3097 
104   2  67   1   1   0  0  1 1.00  89 129 194 176 359 300  16   0  0    4 168 359 129 194 176 300 169 169 2.9174 
104   2  67   1   1   0  0  2 2.25  90  40 268 31 54 83  52   0  0    5  79  83  40 268  31  54  -4   4 3.1534 
104   2  67   1   1   0  0  1 1.00  91 221 96 227 76 124 241   0  0    2 102  96 221 227  76 124   6   6 3.5593 
104   2  67   1   1   0  0  2 2.25  92 209  7 162 195 54 227   0  0    1 200 209   7 162 195  54  -9   9 6.6891 
104   2  67   1   1   0  0  1 1.00  93 195 326 254 323 252  24   0  0    3 259 254 195 326 323 252   5   5 2.8618 
104   2  67   1   1   0  0  1 1.00  94 197 71  3 20 277 132   0  0    4 343  20 197  71   3 277 -37  37 2.4640 
104   2  67   1   1   0  0  1 1.00  95 324 189  9 179 196 294   0  0    1 207 324 189   9 179 196 -117 117 2.5786 
104   2  67   1   1   0  0  1 1.00  96 155 243 174 346 332 246   0  0    2 220 243 155 174 346 332 -23  23 3.7044 
104   2  67   1   1   0  0  1 1.00  97 301 247 28 172 262 129   0  0    1 345 301 247  28 172 262  44  44 2.8956 
104   2  67   1   1   0  0  1 1.00  98  86 46 70 20 170 312   0  0    3  66  70  86  46  20 170  -4   4 3.7125 
104   2  67   1   1   0  0  1 1.00  99  54 306 313 350 358 191   0  0    1  77  54 306 313 350 358  23  23 3.4797 
104   2  67   1   1   0  0  2 2.25 100 277 31 245 39 10 120   0  0    3 248 245 277  31  39  10   3   3 3.5650 
104   2  67   1   0   1  1  0 1.00   1 173 345 154 285 62 206   4  0    4 172 285 173 345 154  62 -113 113 6.3327 
104   2  67   1   0   1  2  0 2.25   2 154 328 193 312 37 118   4  3    3 154 193 154 328 312  37 -39  39 2.3589 
104   2  67   1   0   1  1  0 1.00   3 327 113 235 110 42 291   4  0    4 126 110 327 113 235  42  16  16 4.0649 
104   2  67   1   0   1  2  0 2.25   4  86 309 138 44 350  82   4  5    5 316 350  86 309 138  44 -34  34 3.3681 
104   2  67   1   1   1  2  0 2.25   1 228 25 238 17 208 224   3  1    1 233 228  25 238  17 208   5   5 2.4134 
104   2  67   1   1   1  1  0 1.00   2 153 31 204 38 295  97   3  0    3 238 204 153  31  38 295  34  34 3.0293 
104   2  67   1   1   1  1  0 1.00   3 229 189 83 72 127 266   3  0    3  61  83 229 189  72 127 -22  22 3.6278 
104   2  67   1   1   1  2  0 2.25   4  25 66 34 114 203 248   3  1    1  40  25  66  34 114 203  15  15 2.2609 
104   2  67   1   1   1  2  0 2.25   5 227 23 338 37 266 164   4  1    1 222 227  23 338  37 266  -5   5 2.5663 
104   2  67   1   1   1  2  0 2.25   6 337 124 144 174 153 100   3  2    2 130 124 337 144 174 153   6   6 2.8745 
104   2  67   1   1   1  2  0 2.25   7  22 269 298 78 23 139   4  1    1 360  22 269 298  78  23 -22  22 3.0024 
104   2  67   1   1   1  1  0 1.00   8 340 218 49 174 247 296   4  0    4 317 174 340 218  49 247 143 143 9.1054 
104   2  67   1   1   1  1  0 1.00   9   4 39 294 299 250 191   1  0    1 345   4  39 294 299 250 -19  19 3.6866 
104   2  67   1   1   1  1  0 1.00  10 279 199 271 23 227 333   2  0    2 225 199 279 271  23 227  26  26 2.5778 
104   2  67   1   1   1  2  0 2.25  11  52 194 352 332 95 264   5  1    1 356  52 194 352 332  95 -56  56 3.7341 
104   2  67   1   1   1  1  0 1.00  12 327 134 187 59 82 334   3  0    3 146 187 327 134  59  82 -41  41 3.4471 
104   2  67   1   1   1  1  0 1.00  13 186 23 137 303 92 113   3  0    3 150 137 186  23 303  92  13  13 2.1485 
104   2  67   1   1   1  1  0 1.00  14   4 210 325 190 254  28   3  0    3 296 325   4 210 190 254 -29  29 3.9997 
104   2  67   1   1   1  2  0 2.25  15 266 258 137 204 99 257   5  3    3 145 137 266 258 204  99   8   8 6.5772 
104   2  67   1   1   1  1  0 1.00  16 168 185 169 103 108 314   3  0    3 161 169 168 185 103 108  -8   8 5.6299 
104   2  67   1   1   1  1  0 1.00  17 339 154 144 74 249 130   1  0    1 318 339 154 144  74 249 -21  21 3.2896 
104   2  67   1   1   1  2  0 2.25  18  31 41 357 40 353 357   2  3    3 347 357  31  41  40 353 -10  10 2.7603 
104   2  67   1   1   1  1  0 1.00  19 244 290 85 34 168 225   2  0    2 324 290 244  85  34 168  34  34 5.0337 
104   2  67   1   1   1  2  0 2.25  20  93 204 254 274 220 188   3  2    2 225 204  93 254 274 220  21  21 3.5773 
104   2  67   1   1   1  1  0 1.00  21 117 274 102  5 225 344   2  0    2 202 274 117 102   5 225 -72  72 3.2734 
104   2  67   1   1   1  2  0 2.25  22 211 21 315 217 24 111   5  1    1 221 211  21 315 217  24  10  10 2.1207 
104   2  67   1   1   1  1  0 1.00  23 325 357  3 305 118   6   1  0    1 277 325 357   3 305 118 -48  48 2.2523 
104   2  67   1   1   1  2  0 2.25  24  56 158 52 333 248 326   3  1    1 352  56 158  52 333 248 -64  64 38.1483 
104   2  67   1   1   1  2  0 2.25  25  48 302 12 160 283 333   5  1    1  59  48 302  12 160 283  11  11 3.9485 
104   2  67   1   1   1  2  0 2.25  26 161 98 340 180 200 321   2  4    4 160 180 161  98 340 200 -20  20 2.6983 
104   2  67   1   1   1  2  0 2.25  27  49 114 351 236 104 334   2  1    1 340  49 114 351 236 104 -69  69 10.4175 
104   2  67   1   1   1  1  0 1.00  28 262 241 98 303 285 275   1  0    1 261 262 241  98 303 285  -1   1 2.8647 
104   2  67   1   1   1  1  0 1.00  29 294 46 269 212 334  61   1  0    1 289 294  46 269 212 334  -5   5 2.2461 
104   2  67   1   1   1  2  0 2.25  30   6 65 257 95 69 281   5  4    4  85  95   6  65 257  69 -10  10 8.1518 
104   2  67   1   1   1  1  0 1.00  31  17 332 110 241 312  11   4  0    4 140 241  17 332 110 312 -101 101 11.6918 
104   2  67   1   1   1  1  0 1.00  32 321 354  2 21 293 151   1  0    1 312 321 354   2  21 293  -9   9 4.7428 
104   2  67   1   1   1  2  0 2.25  33 148 142 57 233 140  89   1  3    3  57  57 148 142 233 140   0   0 5.0980 
104   2  67   1   1   1  1  0 1.00  34  88 266 172 327 190 238   5  0    5  98 190  88 266 172 327 -92  92 4.2916 
104   2  67   1   1   1  1  0 1.00  35 186 125 332 285 296 308   4  0    4 117 285 186 125 332 296 -168 168 8.5338 
104   2  67   1   1   1  2  0 2.25  36 275 353 12 334 68   6   1  5    5 308  68 275 353  12 334 -120 120 25.9328 
104   2  67   1   1   1  1  0 1.00  37 199 254 48 201 240 296   3  0    3  46  48 199 254 201 240  -2   2 2.4071 
104   2  67   1   1   1  2  0 2.25  38  68 278 78 208 328 155   3  4    4 271 208  68 278  78 328  63  63 6.3700 
104   2  67   1   1   1  2  0 2.25  39 353 298 17 319 260 253   4  3    3 353  17 353 298 319 260 -24  24 4.5548 
104   2  67   1   1   1  1  0 1.00  40 248 275 263 120 257 149   5  0    5 274 257 248 275 263 120  17  17 4.4104 
104   2  67   1   1   1  2  0 2.25  41 242 45 282 91 184   4   5  2    2 339  45 242 282  91 184 -66  66 2.4112 
104   2  67   1   1   1  2  0 2.25  42 231 352 254 80 56 259   2  4    4  74  80 231 352 254  56  -6   6 5.0623 
104   2  67   1   1   1  1  0 1.00  43 166 298 245 268 329  57   3  0    3 273 245 166 298 268 329  28  28 4.7051 
104   2  67   1   1   1  2  0 2.25  44 117 173 108 74 25 170   2  1    1 113 117 173 108  74  25  -4   4 2.5978 
104   2  67   1   1   1  2  0 2.25  45 194 72 44 207 189  70   2  1    1 149 194  72  44 207 189 -45  45 3.1614 
104   2  67   1   1   1  2  0 2.25  46 332 130 248 36 301  31   2  1    1 334 332 130 248  36 301   2   2 2.7736 
104   2  67   1   1   1  1  0 1.00  47 280 315 251 90 254 144   3  0    3 238 251 280 315  90 254 -13  13 4.7664 
104   2  67   1   1   1  2  0 2.25  48  11 355 88 323 60 210   2  4    4  20 323  11 355  88  60  57  57 4.9289 
104   2  67   1   1   1  2  0 2.25  49 299 242 142 260 228 319   1  5    5 245 228 299 242 142 260  17  17 2.8526 
104   2  67   1   1   1  1  0 1.00  50  28 152 227 186 197 174   4  0    4 146 186  28 152 227 197 -40  40 3.6499 
104   2  67   1   1   1  2  0 2.25  51 150 33 156 147  7 332   2  4    4 123 147 150  33 156   7 -24  24 2.1056 
104   2  67   1   1   1  1  0 1.00  52 162 29 21 131 149 332   2  0    2  87  29 162  21 131 149  58  58 5.3177 
104   2  67   1   1   1  1  0 1.00  53 342 319 322 33 266 145   4  0    4 340  33 342 319 322 266 -53  53 3.2946 
104   2  67   1   1   1  1  0 1.00  54 276 170 214 153 90 152   2  0    2 216 170 276 214 153  90  46  46 4.8739 
104   2  67   1   1   1  1  0 1.00  55 253 231 192 118 131 283   4  0    4 125 118 253 231 192 131   7   7 2.8205 
104   2  67   1   1   1  1  0 1.00  56 316 178 273 64 310 152   3  0    3 265 273 316 178  64 310  -8   8 1.9473 
104   2  67   1   1   1  2  0 2.25  57 146 15  8 340 211  52   4  3    3 345   8 146  15 340 211 -23  23 2.3856 
104   2  67   1   1   1  1  0 1.00  58  87 250 118 269 229 148   1  0    1 348  87 250 118 269 229 -99  99 3.3221 
104   2  67   1   1   1  2  0 2.25  59 302 337 16 263 297   1   4  1    1 300 302 337  16 263 297  -2   2 1.8796 
104   2  67   1   1   1  2  0 2.25  60 304 64 70 266  6 139   2  4    4 270 266 304  64  70   6   4   4 1.4808 
104   2  67   1   1   1  1  0 1.00  61 351 111 236 167 174 323   3  0    3 243 236 351 111 167 174   7   7 2.7030 
104   2  67   1   1   1  1  0 1.00  62 316 343 124 291 354  55   3  0    3  89 124 316 343 291 354 -35  35 2.5065 
104   2  67   1   1   1  1  0 1.00  63  17 41 331 188 216 323   1  0    1 349  17  41 331 188 216 -28  28 2.7983 
104   2  67   1   1   1  2  0 2.25  64 151 31 242 189 85 315   1  4    4  97 189 151  31 242  85 -92  92 6.8496 
104   2  67   1   1   1  2  0 2.25  65 164 194 268 307 262  18   4  3    3 244 268 164 194 307 262 -24  24 1.6945 
104   2  67   1   1   1  1  0 1.00  66  41 167 14 318 340 159   4  0    4 283 318  41 167  14 340 -35  35 2.0119 
104   2  67   1   1   1  1  0 1.00  67 254 36 301 30 314  22   3  0    3 290 301 254  36  30 314 -11  11 2.9882 
104   2  67   1   1   1  1  0 1.00  68  47 229 185 42 254   9   1  0    1  39  47 229 185  42 254  -8   8 2.1401 
104   2  67   1   1   1  2  0 2.25  69  92 338 143 102 234  32   1  3    3 161 143  92 338 102 234  18  18 2.0422 
104   2  67   1   1   1  1  0 1.00  70 325 194 26 206  8 165   5  0    5 345   8 325 194  26 206 -23  23 3.5451 
104   2  67   1   1   1  1  0 1.00  71 222 232 50 77 150 136   5  0    5 163 150 222 232  50  77  13  13 3.0825 
104   2  67   1   1   1  2  0 2.25  72 269 69 216 54  3 276   5  3    3 210 216 269  69  54   3  -6   6 1.7222 
104   2  67   1   1   1  2  0 2.25  73 220 189 253 327 162 125   4  2    2 246 189 220 253 327 162  57  57 1.5855 
104   2  67   1   1   1  1  0 1.00  74 262 84 172 73 120 176   4  0    4  88  73 262  84 172 120  15  15 3.2029 
104   2  67   1   1   1  1  0 1.00  75 293 68 298 145 243 305   5  0    5 232 243 293  68 298 145 -11  11 2.5619 
104   2  67   1   1   1  1  0 1.00  76 230 360 59 53  3 334   2  0    2 330 360 230  59  53   3 -30  30 3.0628 
104   2  67   1   1   1  2  0 2.25  77 111 38 102 318 177 208   2  5    5 228 177 111  38 102 318  51  51 2.7912 
104   2  67   1   1   1  2  0 2.25  78 158 176 193 336 307  71   4  2    2 214 176 158 193 336 307  38  38 2.4186 
104   2  67   1   1   1  2  0 2.25  79 116 262 210 336 136  33   1  2    2 243 262 116 210 336 136 -19  19 2.6370 
104   2  67   1   1   1  2  0 2.25  80 128  7 240 266 99 294   5  4    4 236 266 128   7 240  99 -30  30 2.6387 
104   2  67   1   1   1  1  0 1.00  81 288 59 67 221 311  96   4  0    4 239 221 288  59  67 311  18  18 2.3729 
104   2  67   1   1   1  2  0 2.25  82 161 167  4 178 21 249   3  2    2 208 167 161   4 178  21  41  41 5.8412 
104   2  67   1   1   1  2  0 2.25  83 302 51 325 321 174 127   2  3    3 297 325 302  51 321 174 -28  28 2.4553 
104   2  67   1   1   1  1  0 1.00  84 173 316 159 137 196 124   3  0    3 160 159 173 316 137 196   1   1 2.2132 
104   2  67   1   1   1  2  0 2.25  85 110 118 89 20 321  45   3  4    4   1  20 110 118  89 321 -19  19 2.1365 
104   2  67   1   1   1  1  0 1.00  86 338 56 222 320 41 277   1  0    1 353 338  56 222 320  41  15  15 2.8034 
104   2  67   1   1   1  1  0 1.00  87 307 66 85 308 115  23   1  0    1 308 307  66  85 308 115   1   1 4.2908 
104   2  67   1   1   1  2  0 2.25  88 238 338 75 161 205 322   4  1    1 246 238 338  75 161 205   8   8 2.1445 
104   2  67   1   1   1  2  0 2.25  89 344 357 153 271 113  78   3  2    2 336 357 344 153 271 113 -21  21 2.8066 
104   2  67   1   1   1  2  0 2.25  90 338 105 178 255 236  87   3  5    5 247 236 338 105 178 255  11  11 1.7053 
104   2  67   1   1   1  1  0 1.00  91 139 328 205 219 253 328   4  0    4 178 219 139 328 205 253 -41  41 4.8539 
104   2  67   1   1   1  2  0 2.25  92 150 29 250 306 42 258   5  2    2  14  29 150 250 306  42 -15  15 4.6363 
104   2  67   1   1   1  1  0 1.00  93 347 137 44 108 304 327   4  0    4  86 108 347 137  44 304 -22  22 2.8243 
104   2  67   1   1   1  2  0 2.25  94 340 310 219 151 128 328   1  5    5 156 128 340 310 219 151  28  28 2.7864 
104   2  67   1   1   1  1  0 1.00  95 265 141 341 28 68  52   1  0    1 280 265 141 341  28  68  15  15 4.5544 
104   2  67   1   1   1  1  0 1.00  96  61 62 94 38 305  53   4  0    4  15  38  61  62  94 305 -23  23 2.9460 
104   2  67   1   1   1  2  0 2.25  97 153 308 185  7 355 199   5  4    4  10   7 153 308 185 355   3   3 7.3110 
104   2  67   1   1   1  2  0 2.25  98 329 151 246 110 297  52   2  3    3 250 246 329 151 110 297   4   4 2.2488 
104   2  67   1   1   1  2  0 2.25  99 335 94 213 267 330   7   2  1    1 338 335  94 213 267 330   3   3 3.4907 
104   2  67   1   1   1  1  0 1.00 100 240  9 353 145 107 149   2  0    2   8   9 240 353 145 107  -1   1 4.2062 
