108   2  78   2   0   0  0  1 1.00   1 158 229 48 238 74 324   0  0    5  49  74 158 229  48 238 -25  25 11.3499 
108   2  78   2   0   0  0  1 1.00   2 249 309 359 139 312 240   0  0    3 258 359 249 309 139 312 -101 101 7.8028 
108   2  78   2   0   0  0  2 2.25   3 231 67  1 199 217 350   0  0    4  13 199 231  67   1 217 174 174 6.4148 
108   2  78   2   0   0  0  2 2.25   4 300 316 131 248 72 286   0  0    5 297  72 300 316 131 248 -135 135 6.7077 
108   2  78   2   1   0  0  2 2.25   1 221 226 215  4 60 285   0  0    1  25 221 226 215   4  60 164 164 5.9661 
108   2  78   2   1   0  0  2 2.25   2  22 155 282 63 45 251   0  0    4 136  63  22 155 282  45  73  73 4.8296 
108   2  78   2   1   0  0  1 1.00   3  54 61 221  1 125  76   0  0    5 157 125  54  61 221   1  32  32 5.4308 
108   2  78   2   1   0  0  1 1.00   4 347 16 171 303 145 107   0  0    5 342 145 347  16 171 303 -163 163 3.4315 
108   2  78   2   1   0  0  1 1.00   5 190 139 347 121 82  34   0  0    1 104 190 139 347 121  82 -86  86 3.7305 
108   2  78   2   1   0  0  2 2.25   6 194 332 292 207 330 325   0  0    1 333 194 332 292 207 330 139 139 3.4777 
108   2  78   2   1   0  0  1 1.00   7 165 194 291 50 73 267   0  0    1 179 165 194 291  50  73  14  14 3.2706 
108   2  78   2   1   0  0  1 1.00   8 208 268 311 186 280 157   0  0    5 283 280 208 268 311 186   3   3 3.9596 
108   2  78   2   1   0  0  2 2.25   9 237 316 183 277 303  83   0  0    2 244 316 237 183 277 303 -72  72 3.3693 
108   2  78   2   1   0  0  2 2.25  10 244 46 267 329 251 189   0  0    3  46 267 244  46 329 251 139 139 2.8029 
108   2  78   2   1   0  0  2 2.25  11 139  3 292 67 261 119   0  0    3 154 292 139   3  67 261 -138 138 3.1237 
108   2  78   2   1   0  0  2 2.25  12 349 215 38 150 324  39   0  0    5 305 324 349 215  38 150 -19  19 3.1196 
108   2  78   2   1   0  0  1 1.00  13  31 268 218 247 59 123   0  0    2  42 268  31 218 247  59 134 134 1.9909 
108   2  78   2   1   0  0  1 1.00  14 186 224 34 122 222 204   0  0    4  35 122 186 224  34 222 -87  87 2.5487 
108   2  78   2   1   0  0  1 1.00  15 336 237 138 70 201 339   0  0    4 189  70 336 237 138 201 119 119 2.9480 
108   2  78   2   1   0  0  2 2.25  16 346 114 311 121 26 209   0  0    3 325 311 346 114 121  26  14  14 3.6394 
108   2  78   2   1   0  0  2 2.25  17 276 350 329 17 131  18   0  0    4 296  17 276 350 329 131 -81  81 3.7900 
108   2  78   2   1   0  0  1 1.00  18 227 169 305 205 282 326   0  0    1 223 227 169 305 205 282  -4   4 2.6018 
108   2  78   2   1   0  0  1 1.00  19  48 129 171 303 125 353   0  0    2 113 129  48 171 303 125 -16  16 2.9664 
108   2  78   2   1   0  0  1 1.00  20 127 43 303 294 71 355   0  0    3  60 303 127  43 294  71 117 117 2.8198 
108   2  78   2   1   0  0  1 1.00  21 199 326 178 39 232 195   0  0    2 230 326 199 178  39 232 -96  96 2.5674 
108   2  78   2   1   0  0  2 2.25  22  47 55 171 121 129  75   0  0    1  46  47  55 171 121 129  -1   1 2.9139 
108   2  78   2   1   0  0  1 1.00  23 167 219 338 148 254 237   0  0    4 258 148 167 219 338 254 110 110 2.2421 
108   2  78   2   1   0  0  2 2.25  24 199 210 145 320 176 151   0  0    3 222 145 199 210 320 176  77  77 2.7542 
108   2  78   2   1   0  0  2 2.25  25  57 28 61 146 343 112   0  0    3  64  61  57  28 146 343   3   3 3.1252 
108   2  78   2   1   0  0  1 1.00  26 258 346 317 327 206 325   0  0    5 260 206 258 346 317 327  54  54 2.9248 
108   2  78   2   1   0  0  2 2.25  27 121 25 176 30 197  25   0  0    1 113 121  25 176  30 197  -8   8 2.6809 
108   2  78   2   1   0  0  1 1.00  28  39 43 308 78 45 305   0  0    3  51 308  39  43  78  45 103 103 2.9947 
108   2  78   2   1   0  0  2 2.25  29 310 44 275 16 133  98   0  0    1 151 310  44 275  16 133 -159 159 3.0120 
108   2  78   2   1   0  0  1 1.00  30  53 65 163 143 46  67   0  0    2  51  65  53 163 143  46 -14  14 2.0801 
108   2  78   2   1   0  0  1 1.00  31  96 218 165 151 92 317   0  0    4  67 151  96 218 165  92 -84  84 2.3465 
108   2  78   2   1   0  0  2 2.25  32 199 193 222 162 133 133   0  0    3 188 222 199 193 162 133 -34  34 2.4786 
108   2  78   2   1   0  0  2 2.25  33 160 117 41 79 245 129   0  0    3  91  41 160 117  79 245  50  50 3.0452 
108   2  78   2   1   0  0  1 1.00  34  24 165 104 28 139 235   0  0    2  37 165  24 104  28 139 -128 128 2.6159 
108   2  78   2   1   0  0  1 1.00  35  48 337 59 166 331  72   0  0    4 314 166  48 337  59 331 148 148 2.9004 
108   2  78   2   1   0  0  2 2.25  36 287 27 271 322 96 337   0  0    4 293 322 287  27 271  96 -29  29 2.2972 
108   2  78   2   1   0  0  1 1.00  37 113  7 291 118 54 141   0  0    2  71   7 113 291 118  54  64  64 1.9467 
108   2  78   2   1   0  0  2 2.25  38  69 233 110 139 34  81   0  0    4 255 139  69 233 110  34 116 116 2.1912 
108   2  78   2   1   0  0  1 1.00  39 111 192 142 46 132 139   0  0    3 194 142 111 192  46 132  52  52 2.3888 
108   2  78   2   1   0  0  2 2.25  40 109 181 238 89 93  47   0  0    1 239 109 181 238  89  93 130 130 2.5668 
108   2  78   2   1   0  0  2 2.25  41 249 165 116 174 167  92   0  0    1 249 249 165 116 174 167   0   0 2.6413 
108   2  78   2   1   0  0  1 1.00  42  51 21 358 239 44  75   0  0    1  31  51  21 358 239  44 -20  20 2.6525 
108   2  78   2   1   0  0  1 1.00  43 279 296 148 211 278 101   0  0    5 298 278 279 296 148 211  20  20 3.4629 
108   2  78   2   1   0  0  2 2.25  44  16 190 222 14 93  35   0  0    2  27 190  16 222  14  93 -163 163 3.5490 
108   2  78   2   1   0  0  1 1.00  45 343 29 306 355 319 144   0  0    2 343  29 343 306 355 319 -46  46 4.7791 
108   2  78   2   1   0  0  2 2.25  46 323 20 42 265 325 322   0  0    5 325 325 323  20  42 265   0   0 4.1072 
108   2  78   2   1   0  0  1 1.00  47 275 150 352 296 29 183   0  0    3 280 352 275 150 296  29 -72  72 2.7701 
108   2  78   2   1   0  0  1 1.00  48 102 327  9 165 211 163   0  0    5  90 211 102 327   9 165 -121 121 2.5597 
108   2  78   2   1   0  0  2 2.25  49  17 205 317  4 265 280   0  0    4  29   4  17 205 317 265  25  25 3.7548 
108   2  78   2   1   0  0  1 1.00  50 157 163 72 260 287 322   0  0    5 146 287 157 163  72 260 -141 141 3.2401 
108   2  78   2   1   0  0  1 1.00  51 173 283 84 273 119  93   0  0    1 168 173 283  84 273 119  -5   5 2.8420 
108   2  78   2   1   0  0  2 2.25  52 221 62 354 218 162 270   0  0    1 217 221  62 354 218 162  -4   4 2.8176 
108   2  78   2   1   0  0  1 1.00  53 123 286 27 107 68 280   0  0    4  42 107 123 286  27  68 -65  65 2.5492 
108   2  78   2   1   0  0  1 1.00  54 215 259 155 220 151 267   0  0    5 143 151 215 259 155 220  -8   8 2.8357 
108   2  78   2   1   0  0  2 2.25  55 262 314 31 56 163 256   0  0    5 298 163 262 314  31  56 135 135 3.7472 
108   2  78   2   1   0  0  2 2.25  56  14 99 264 340 136 252   0  0    3  28 264  14  99 340 136 124 124 3.6457 
108   2  78   2   1   0  0  2 2.25  57  39 230 340 202 281 340   0  0    4  26 202  39 230 340 281 -176 176 3.5083 
108   2  78   2   1   0  0  1 1.00  58  38 104 144 195 257 341   0  0    3 144 144  38 104 195 257   0   0 3.2199 
108   2  78   2   1   0  0  1 1.00  59   5 304 210 317 261  23   0  0    4 265 317   5 304 210 261 -52  52 2.3190 
108   2  78   2   1   0  0  2 2.25  60 324 65 252 336 269 235   0  0    4 329 336 324  65 252 269  -7   7 3.4118 
108   2  78   2   1   0  0  1 1.00  61 145 204 132 194 249 358   0  0    2 192 204 145 132 194 249 -12  12 5.9273 
108   2  78   2   1   0  0  1 1.00  62 313 17 287 243 91 111   0  0    1  99 313  17 287 243  91 146 146 3.6435 
108   2  78   2   1   0  0  2 2.25  63 142 17 203 80 358  87   0  0    1  47 142  17 203  80 358 -95  95 5.2100 
108   2  78   2   1   0  0  2 2.25  64 219 191 167 112 176 151   0  0    1 156 219 191 167 112 176 -63  63 3.8083 
108   2  78   2   1   0  0  2 2.25  65 173 92 195 157  8 333   0  0    5   5   8 173  92 195 157  -3   3 6.4879 
108   2  78   2   1   0  0  2 2.25  66 332 266 131 24 196 360   0  0    5 287 196 332 266 131  24  91  91 4.4895 
108   2  78   2   1   0  0  2 2.25  67  12 250 214 34 62 209   0  0    3  23 214  12 250  34  62 169 169 3.9651 
108   2  78   2   1   0  0  1 1.00  68  15 124 215 188 74 307   0  0    1  14  15 124 215 188  74  -1   1 3.0502 
108   2  78   2   1   0  0  2 2.25  69  86 332 114 160 166 155   0  0    3  68 114  86 332 160 166 -46  46 3.6408 
108   2  78   2   1   0  0  2 2.25  70 101 283 49 223 211 327   0  0    4 211 223 101 283  49 211 -12  12 3.6394 
108   2  78   2   1   0  0  1 1.00  71 268 265 39 343  8   2   0  0    5   6   8 268 265  39 343  -2   2 3.4334 
108   2  78   2   1   0  0  1 1.00  72 266  2 348 87 235  13   0  0    4 272  87 266   2 348 235 -175 175 3.1884 
108   2  78   2   1   0  0  2 2.25  73 174 237 165 120 315 261   0  0    3 244 165 174 237 120 315  79  79 2.9655 
108   2  78   2   1   0  0  2 2.25  74  72 198 342 22 162 213   0  0    2 180 198  72 342  22 162 -18  18 3.2162 
108   2  78   2   1   0  0  2 2.25  75 256 358 126 280 324  37   0  0    5 314 324 256 358 126 280 -10  10 4.5446 
108   2  78   2   1   0  0  2 2.25  76  84  8 220 328 148 159   0  0    2  62   8  84 220 328 148  54  54 3.1222 
108   2  78   2   1   0  0  2 2.25  77 263 151 116 88 242 210   0  0    5 250 242 263 151 116  88   8   8 5.8779 
108   2  78   2   1   0  0  2 2.25  78 337 84 266 252 345 258   0  0    5  87 345 337  84 266 252 102 102 4.4808 
108   2  78   2   1   0  0  2 2.25  79 239 73 263 92 261  78   0  0    3 250 263 239  73  92 261 -13  13 4.0452 
108   2  78   2   1   0  0  1 1.00  80 271 284 229 92 228 232   0  0    4 236  92 271 284 229 228 144 144 2.9188 
108   2  78   2   1   0  0  1 1.00  81 206 165 334 155 142 336   0  0    1 205 206 165 334 155 142  -1   1 2.9743 
108   2  78   2   1   0  0  2 2.25  82 141 123 50 39 300 325   0  0    3 297  50 141 123  39 300 -113 113 2.8323 
108   2  78   2   1   0  0  2 2.25  83  60 275 49 274 97 334   0  0    4 272 274  60 275  49  97  -2   2 5.1364 
108   2  78   2   1   0  0  2 2.25  84  28 53 90 243 187 254   0  0    2  39  53  28  90 243 187 -14  14 4.8094 
108   2  78   2   1   0  0  1 1.00  85 316 264 111 216 202  26   0  0    1 211 316 264 111 216 202 -105 105 4.3315 
108   2  78   2   1   0  0  1 1.00  86 317 264 90 268 348 264   0  0    2 340 264 317  90 268 348  76  76 4.8573 
108   2  78   2   1   0  0  1 1.00  87 191 93 347 73 47   7   0  0    1  43 191  93 347  73  47 -148 148 7.1213 
108   2  78   2   1   0  0  1 1.00  88 163 68 152 194 243 331   0  0    5  47 243 163  68 152 194 164 164 3.2442 
108   2  78   2   1   0  0  1 1.00  89 296 160 228 182 247 234   0  0    1 155 296 160 228 182 247 -141 141 3.0227 
108   2  78   2   1   0  0  2 2.25  90 148 119 269  1  3 230   0  0    2 360 119 148 269   1   3 -119 119 3.0466 
108   2  78   2   1   0  0  1 1.00  91 121 243 129 258 232  36   0  0    3  95 129 121 243 258 232 -34  34 3.4173 
108   2  78   2   1   0  0  1 1.00  92 176 24 211 355 336 188   0  0    3 173 211 176  24 355 336 -38  38 3.3722 
108   2  78   2   1   0  0  1 1.00  93 249 118 285 317 130  91   0  0    1 250 249 118 285 317 130   1   1 2.8172 
108   2  78   2   1   0  0  2 2.25  94 205 35 257 47 307 297   0  0    1 211 205  35 257  47 307   6   6 6.5213 
108   2  78   2   1   0  0  1 1.00  95 248 107 278 50 282  85   0  0    5 278 282 248 107 278  50  -4   4 6.3087 
108   2  78   2   1   0  0  2 2.25  96 328 112 55 47 41  93   0  0    5  45  41 328 112  55  47   4   4 4.5818 
108   2  78   2   1   0  0  1 1.00  97 316 139 36 98 209 204   0  0    5 311 209 316 139  36  98 102 102 3.0975 
108   2  78   2   1   0  0  2 2.25  98 115 301 24 25 59 294   0  0    3  51  24 115 301  25  59  27  27 3.4388 
108   2  78   2   1   0  0  1 1.00  99  87 59 17 116 287 306   0  0    2  16  59  87  17 116 287 -43  43 3.4250 
108   2  78   2   1   0  0  2 2.25 100 231 262 316 191 86 283   0  0    3 341 316 231 262 191  86  25  25 3.2247 
108   2  78   2   0   1  2  0 2.25   1 260  6 37 238 247 255   3  2    2  67   6 260  37 238 247  61  61 7.4290 
108   2  78   2   0   1  1  0 1.00   2 291 81 159 349 216  69   5  0    5 226 216 291  81 159 349  10  10 4.3349 
108   2  78   2   0   1  1  0 1.00   3 328 94  9 174 323 300   1  0    1 290 328  94   9 174 323 -38  38 4.6233 
108   2  78   2   0   1  2  0 2.25   4 217  3 209 355 275  72   1  4    4 303 355 217   3 209 275 -52  52 3.9355 
108   2  78   2   1   1  1  0 1.00   1  80 34 52 300 67 340   4  0    4 299 300  80  34  52  67  -1   1 3.0885 
108   2  78   2   1   1  2  0 2.25   2 263 122 64 15 24 320   2  5    5 293  24 263 122  64  15 -91  91 3.9436 
108   2  78   2   1   1  2  0 2.25   3 330  2 120 141 56 157   5  2    2  10   2 330 120 141  56   8   8 3.4757 
108   2  78   2   1   1  2  0 2.25   4 322 146 94 104 200 160   4  5    5 210 200 322 146  94 104  10  10 2.9471 
108   2  78   2   1   1  1  0 1.00   5 313 109 165 86 201  68   1  0    1 330 313 109 165  86 201  17  17 3.7091 
108   2  78   2   1   1  2  0 2.25   6 237 346 87 138 62  49   2  5    5  62  62 237 346  87 138   0   0 3.0748 
108   2  78   2   1   1  1  0 1.00   7 309 290 110 306 175 261   5  0    5 173 175 309 290 110 306  -2   2 2.9275 
108   2  78   2   1   1  1  0 1.00   8 115 139 294 50 158 298   1  0    1 126 115 139 294  50 158  11  11 6.1140 
108   2  78   2   1   1  2  0 2.25   9 147 327 263 240 108   9   4  2    2 336 327 147 263 240 108   9   9 2.4852 
108   2  78   2   1   1  2  0 2.25  10  16 211 275 313 126  55   4  2    2 225 211  16 275 313 126  14  14 3.1809 
108   2  78   2   1   1  2  0 2.25  11   8 48 154 189 171 266   2  3    3 189 154   8  48 189 171  35  35 3.0566 
108   2  78   2   1   1  1  0 1.00  12 229 299 213 131 92 176   1  0    1  95 229 299 213 131  92 -134 134 4.3337 
108   2  78   2   1   1  2  0 2.25  13 263 209 274 313 345 162   1  4    4 173 313 263 209 274 345 -140 140 3.8182 
108   2  78   2   1   1  2  0 2.25  14 163 22 260 106 314 333   2  5    5 333 314 163  22 260 106  19  19 2.4112 
108   2  78   2   1   1  2  0 2.25  15 315 80 39 46 258 166   2  1    1  60 315  80  39  46 258 105 105 3.0303 
108   2  78   2   1   1  1  0 1.00  16 130 306 237 329 272 181   3  0    3 245 237 130 306 329 272   8   8 3.2769 
108   2  78   2   1   1  1  0 1.00  17 193 54 225  1 68  92   5  0    5 226  68 193  54 225   1 158 158 3.3532 
108   2  78   2   1   1  1  0 1.00  18 130 347 251 266 134  83   2  0    2 326 347 130 251 266 134 -21  21 3.6501 
108   2  78   2   1   1  2  0 2.25  19 109 263 215 75 63  37   4  2    2 271 263 109 215  75  63   8   8 2.6187 
108   2  78   2   1   1  1  0 1.00  20 150 114 80 168  9  19   1  0    1 170 150 114  80 168   9  20  20 3.4017 
108   2  78   2   1   1  1  0 1.00  21  17 356 63 272 241 168   3  0    3  83  63  17 356 272 241  20  20 2.4325 
108   2  78   2   1   1  1  0 1.00  22 231 254  8 78 344 275   5  0    5  10 344 231 254   8  78  26  26 2.4391 
108   2  78   2   1   1  1  0 1.00  23 240 280 347 37 62 168   3  0    3  17 347 240 280  37  62  30  30 3.2457 
108   2  78   2   1   1  1  0 1.00  24  94 63 244 220 272 162   3  0    3 246 244  94  63 220 272   2   2 2.4194 
108   2  78   2   1   1  2  0 2.25  25 140  9 280 89 10 334   4  5    5 323  10 140   9 280  89 -47  47 2.9179 
108   2  78   2   1   1  1  0 1.00  26  78 38 313 219 223 200   4  0    4 231 219  78  38 313 223  12  12 2.4689 
108   2  78   2   1   1  1  0 1.00  27  89 354 235 126 34  85   4  0    4 107 126  89 354 235  34 -19  19 2.4901 
108   2  78   2   1   1  2  0 2.25  28 209 241 28 320 87   6   2  3    3  32  28 209 241 320  87   4   4 2.7619 
108   2  78   2   1   1  1  0 1.00  29 130 120 17 63 15 201   4  0    4  97  63 130 120  17  15  34  34 2.8355 
108   2  78   2   1   1  1  0 1.00  30 101 138 187 198 228 262   1  0    1  75 101 138 187 198 228 -26  26 1.9057 
108   2  78   2   1   1  2  0 2.25  31  56 95 200 255 124 145   3  4    4 245 255  56  95 200 124 -10  10 2.1934 
108   2  78   2   1   1  2  0 2.25  32 146 163 307 131  5  77   4  5    5  14   5 146 163 307 131   9   9 2.3335 
108   2  78   2   1   1  1  0 1.00  33  34 11  2 96 176 205   5  0    5 145 176  34  11   2  96 -31  31 3.6402 
108   2  78   2   1   1  2  0 2.25  34 314 174 12 24 207  77   5  1    1 337 314 174  12  24 207  23  23 2.2567 
108   2  78   2   1   1  2  0 2.25  35 218 113 175 25 151 120   2  4    4 356  25 218 113 175 151 -29  29 2.1540 
108   2  78   2   1   1  1  0 1.00  36 358 178 161 155 183 140   5  0    5 157 183 358 178 161 155 -26  26 2.7483 
108   2  78   2   1   1  1  0 1.00  37 229 324 191 281 151 281   2  0    2 336 324 229 191 281 151  12  12 5.8384 
108   2  78   2   1   1  2  0 2.25  38  34 275 357 236 230 162   2  5    5 234 230  34 275 357 236   4   4 2.9006 
108   2  78   2   1   1  2  0 2.25  39 125 148 79 315 223  57   2  5    5 244 223 125 148  79 315  21  21 3.2112 
108   2  78   2   1   1  2  0 2.25  40 138 354 200 67 254 153   5  1    1 148 138 354 200  67 254  10  10 2.1415 
108   2  78   2   1   1  1  0 1.00  41 325 343 284 93 225 319   1  0    1 341 325 343 284  93 225  16  16 1.5205 
108   2  78   2   1   1  1  0 1.00  42 297 108 177 153 314 214   5  0    5 332 314 297 108 177 153  18  18 2.2767 
108   2  78   2   1   1  2  0 2.25  43  42 319 160 182 346  28   2  5    5 358 346  42 319 160 182  12  12 2.7094 
108   2  78   2   1   1  1  0 1.00  44  59 347 192 348 236 151   2  0    2 349 347  59 192 348 236   2   2 3.5770 
108   2  78   2   1   1  1  0 1.00  45 263 211 336 26 48  82   1  0    1 247 263 211 336  26  48 -16  16 4.4090 
108   2  78   2   1   1  2  0 2.25  46 288 322 143 161 116 133   4  2    2 356 322 288 143 161 116  34  34 3.2420 
108   2  78   2   1   1  1  0 1.00  47 360 140  5 39 247  29   1  0    1 354 360 140   5  39 247  -6   6 2.1197 
108   2  78   2   1   1  2  0 2.25  48  68 209 98 154 358 189   3  2    2 224 209  68  98 154 358  15  15 3.9585 
108   2  78   2   1   1  1  0 1.00  49  85 174 272 168 218  30   1  0    1 110  85 174 272 168 218  25  25 6.5586 
108   2  78   2   1   1  2  0 2.25  50 231 108 315 245 350 169   2  3    3 202 315 231 108 245 350 -113 113 3.7193 
108   2  78   2   1   1  1  0 1.00  51 308 95 183 270 152  77   2  0    2  88  95 308 183 270 152  -7   7 2.0552 
108   2  78   2   1   1  1  0 1.00  52 275 37 205 245 175 296   4  0    4 174 245 275  37 205 175 -71  71 2.2856 
108   2  78   2   1   1  1  0 1.00  53 174 71 350 307 342  79   3  0    3 315 350 174  71 307 342 -35  35 2.0904 
108   2  78   2   1   1  2  0 2.25  54 120 10 127 332 76 220   1  2    2   2  10 120 127 332  76  -8   8 3.7945 
108   2  78   2   1   1  2  0 2.25  55  64 247 275 87 71  32   4  1    1  52  64 247 275  87  71 -12  12 1.7569 
108   2  78   2   1   1  1  0 1.00  56 170 130 98  9 94  26   3  0    3  65  98 170 130   9  94 -33  33 2.0476 
108   2  78   2   1   1  2  0 2.25  57 311 247 53 158 23 149   1  4    4 233 158 311 247  53  23  75  75 2.3219 
108   2  78   2   1   1  1  0 1.00  58  87 20 83 60 75 244   4  0    4  74  60  87  20  83  75  14  14 2.8612 
108   2  78   2   1   1  2  0 2.25  59 101 108 151 53 113 302   1  3    3 164 151 101 108  53 113  13  13 2.0140 
108   2  78   2   1   1  2  0 2.25  60 333 150 219 162 236   3   3  5    5 238 236 333 150 219 162   2   2 2.2976 
108   2  78   2   1   1  1  0 1.00  61  95 205 267 281 178 330   4  0    4  57 281  95 205 267 178 136 136 3.4863 
108   2  78   2   1   1  1  0 1.00  62 101 282 326 197 331 170   3  0    3 327 326 101 282 197 331   1   1 3.6175 
108   2  78   2   1   1  2  0 2.25  63  74 154 179 283 205  95   5  1    1  78  74 154 179 283 205   4   4 2.1869 
108   2  78   2   1   1  2  0 2.25  64 117 212 119 163  2 328   1  4    4 164 163 117 212 119   2   1   1 2.0151 
108   2  78   2   1   1  2  0 2.25  65 197 165 93 261 58 165   1  2    2 135 165 197  93 261  58 -30  30 2.2347 
108   2  78   2   1   1  2  0 2.25  66  79 22 36 211 208 210   1  3    3  84  36  79  22 211 208  48  48 3.5247 
108   2  78   2   1   1  2  0 2.25  67  19 293 219 18 343  60   3  5    5  22 343  19 293 219  18  39  39 1.9220 
108   2  78   2   1   1  2  0 2.25  68 108 218 165 183 313 266   4  2    2 193 218 108 165 183 313 -25  25 2.7371 
108   2  78   2   1   1  2  0 2.25  69 189 56 283 241 249 214   2  3    3 265 283 189  56 241 249 -18  18 2.1186 
108   2  78   2   1   1  1  0 1.00  70 298 87 116 349 39 189   5  0    5 349  39 298  87 116 349 -50  50 3.4741 
108   2  78   2   1   1  2  0 2.25  71 101 280 143 245 186  55   2  3    3  82 143 101 280 245 186 -61  61 1.4256 
108   2  78   2   1   1  1  0 1.00  72 159 70 190 307 319 170   2  0    2 105  70 159 190 307 319  35  35 4.0179 
108   2  78   2   1   1  2  0 2.25  73 140 219 128 43 264  61   2  3    3 118 128 140 219  43 264 -10  10 2.1547 
108   2  78   2   1   1  2  0 2.25  74 248 140 273 272 239  91   4  1    1 165 248 140 273 272 239 -83  83 1.8482 
108   2  78   2   1   1  1  0 1.00  75 138 173 271 82  2 239   3  0    3 259 271 138 173  82   2 -12  12 1.6634 
108   2  78   2   1   1  1  0 1.00  76 277 273 39 211 97 204   1  0    1 273 277 273  39 211  97  -4   4 2.5352 
108   2  78   2   1   1  2  0 2.25  77 177 54 126 137 128 172   1  4    4 175 137 177  54 126 128  38  38 2.0930 
108   2  78   2   1   1  1  0 1.00  78 141 355 292 229 178 289   1  0    1 168 141 355 292 229 178  27  27 3.0179 
108   2  78   2   1   1  2  0 2.25  79 163 54 105 287 132 268   5  2    2  46  54 163 105 287 132  -8   8 1.5318 
108   2  78   2   1   1  1  0 1.00  80 310 154 305 53 61 233   2  0    2 162 154 310 305  53  61   8   8 2.2954 
108   2  78   2   1   1  1  0 1.00  81  39 258 261 89 314 308   3  0    3 273 261  39 258  89 314  12  12 2.8521 
108   2  78   2   1   1  1  0 1.00  82 289 212 55 47 231 164   2  0    2 256 212 289  55  47 231  44  44 2.9616 
108   2  78   2   1   1  2  0 2.25  83 302 54 307 61 356 233   5  4    4  64  61 302  54 307 356   3   3 2.8622 
108   2  78   2   1   1  1  0 1.00  84  89 169 12 333 218  19   1  0    1  76  89 169  12 333 218 -13  13 2.2356 
108   2  78   2   1   1  2  0 2.25  85 250 225 107 144 58 345   3  2    2 196 225 250 107 144  58 -29  29 2.3497 
108   2  78   2   1   1  2  0 2.25  86 192 19 94 100 159 143   5  3    3  90  94 192  19 100 159  -4   4 2.0590 
108   2  78   2   1   1  2  0 2.25  87 357 122 111 47 344 194   5  3    3 100 111 357 122  47 344 -11  11 1.9646 
108   2  78   2   1   1  2  0 2.25  88 308 37 39 345 282   4   3  4    4 348 345 308  37  39 282   3   3 2.3543 
108   2  78   2   1   1  1  0 1.00  89 313 49 203 143 120  25   5  0    5 189 120 313  49 203 143  69  69 2.3083 
108   2  78   2   1   1  1  0 1.00  90  54 163 355 286 22 232   1  0    1 220  54 163 355 286  22 166 166 4.1763 
108   2  78   2   1   1  1  0 1.00  91 217 86 82 38 89 310   1  0    1 213 217  86  82  38  89  -4   4 2.4397 
108   2  78   2   1   1  2  0 2.25  92 297 273 63 101 201  26   1  3    3 352  63 297 273 101 201 -71  71 3.2334 
108   2  78   2   1   1  1  0 1.00  93 180 307 50 298  6 342   3  0    3  51  50 180 307 298   6   1   1 2.0072 
108   2  78   2   1   1  2  0 2.25  94 348 94 15 22 52  83   4  5    5  71  52 348  94  15  22  19  19 2.1789 
108   2  78   2   1   1  1  0 1.00  95  51 18 10 105 204 322   5  0    5 216 204  51  18  10 105  12  12 2.4444 
108   2  78   2   1   1  1  0 1.00  96  71 298 285 14 249 120   4  0    4  14  14  71 298 285 249   0   0 1.3631 
108   2  78   2   1   1  1  0 1.00  97 262 301 169 68 331  52   2  0    2 315 301 262 169  68 331  14  14 2.3661 
108   2  78   2   1   1  2  0 2.25  98  93 203 257 350 359  15   4  5    5 350 359  93 203 257 350  -9   9 1.6667 
108   2  78   2   1   1  2  0 2.25  99  10 202 53 258 357 348   1  5    5 319 357  10 202  53 258 -38  38 1.2681 
108   2  78   2   1   1  1  0 1.00 100  62 349 204 122 82 263   1  0    1  67  62 349 204 122  82   5   5 2.4106 
