110   2  76   1   0   0  0  1 1.00   1  92 18 323 336 139 343   0  0    1 117  92  18 323 336 139  25  25 8.0086 
110   2  76   1   0   0  0  2 2.25   2 190 33 292 224 207 158   0  0    1 266 190  33 292 224 207  76  76 9.8589 
110   2  76   1   0   0  0  2 2.25   3 104 53 27 313 193  30   0  0    1 126 104  53  27 313 193  22  22 4.3941 
110   2  76   1   0   0  0  1 1.00   4  53 51 181 272 207   6   0  0    5  86 207  53  51 181 272 -121 121 9.8770 
110   2  76   1   1   0  0  2 2.25   1 171 120 158 180 199 296   0  0    2 165 120 171 158 180 199  45  45 5.3856 
110   2  76   1   1   0  0  1 1.00   2 131 210 332 307 132 348   0  0    3  60 332 131 210 307 132  88  88 6.5482 
110   2  76   1   1   0  0  2 2.25   3 269 213 98 90 256  26   0  0    2  99 213 269  98  90 256 -114 114 7.3795 
110   2  76   1   1   0  0  2 2.25   4 309 29 284 26 251  55   0  0    5 233 251 309  29 284  26 -18  18 5.9926 
110   2  76   1   1   0  0  2 2.25   5 137 127 115  7 265 102   0  0    5 247 265 137 127 115   7 -18  18 4.8467 
110   2  76   1   1   0  0  2 2.25   6  73 47 218 208 346  13   0  0    4 135 208  73  47 218 346 -73  73 4.9159 
110   2  76   1   1   0  0  2 2.25   7 110 45 334  8 142 240   0  0    1  73 110  45 334   8 142 -37  37 3.7824 
110   2  76   1   1   0  0  2 2.25   8 336 62 92 190 191 187   0  0    4 346 190 336  62  92 191 156 156 3.6956 
110   2  76   1   1   0  0  1 1.00   9   4 207 13 319 162  77   0  0    1 185   4 207  13 319 162 -179 179 4.2874 
110   2  76   1   1   0  0  2 2.25  10  28 257 179 342 190   2   0  0    1 311  28 257 179 342 190 -77  77 4.0113 
110   2  76   1   1   0  0  2 2.25  11 286 44 43 185 305 244   0  0    5 329 305 286  44  43 185  24  24 3.2989 
110   2  76   1   1   0  0  2 2.25  12 101 248 160 156 214  90   0  0    1  41 101 248 160 156 214 -60  60 3.0238 
110   2  76   1   1   0  0  1 1.00  13 327 268 257 86 169 105   0  0    2 320 268 327 257  86 169  52  52 3.4753 
110   2  76   1   1   0  0  2 2.25  14  64 71 40 138 353  80   0  0    1  26  64  71  40 138 353 -38  38 3.4247 
110   2  76   1   1   0  0  1 1.00  15 136 90 305 73 95  52   0  0    2   8  90 136 305  73  95 -82  82 6.0675 
110   2  76   1   1   0  0  2 2.25  16   1 326 71 62 275 228   0  0    5 339 275   1 326  71  62  64  64 3.3908 
110   2  76   1   1   0  0  2 2.25  17 252 268 358 260 245 154   0  0    4 250 260 252 268 358 245 -10  10 1.8397 
110   2  76   1   1   0  0  2 2.25  18 356 259 102 114 309 299   0  0    3 318 102 356 259 114 309 -144 144 3.7043 
110   2  76   1   1   0  0  1 1.00  19 121 19 127 328 190 290   0  0    4 111 328 121  19 127 190 143 143 4.1595 
110   2  76   1   1   0  0  1 1.00  20 156 168 342 181 55 281   0  0    5  71  55 156 168 342 181  16  16 2.8123 
110   2  76   1   1   0  0  2 2.25  21 165 94 152 91 34 248   0  0    3 180 152 165  94  91  34  28  28 4.7010 
110   2  76   1   1   0  0  2 2.25  22  79 348 143 221 311 257   0  0    3 256 143  79 348 221 311 113 113 6.6165 
110   2  76   1   1   0  0  1 1.00  23  58 150 85 90 73 358   0  0    3 153  85  58 150  90  73  68  68 4.2725 
110   2  76   1   1   0  0  2 2.25  24  39 167 60 69 283 314   0  0    2 143 167  39  60  69 283 -24  24 4.0371 
110   2  76   1   1   0  0  1 1.00  25 167 75 302 60 99 252   0  0    4  90  60 167  75 302  99  30  30 5.4627 
110   2  76   1   1   0  0  2 2.25  26  43 227 142 46 99 113   0  0    3 218 142  43 227  46  99  76  76 10.4636 
110   2  76   1   1   0  0  1 1.00  27  81 47 215 158 163 315   0  0    3 185 215  81  47 158 163 -30  30 5.0015 
110   2  76   1   1   0  0  1 1.00  28 134 230 357 26 151  49   0  0    4  10  26 134 230 357 151 -16  16 3.7881 
110   2  76   1   1   0  0  2 2.25  29  96 330 210 168 296 332   0  0    3 213 210  96 330 168 296   3   3 4.2365 
110   2  76   1   1   0  0  1 1.00  30  94 15 264 19 166 199   0  0    3 289 264  94  15  19 166  25  25 2.1978 
110   2  76   1   1   0  0  2 2.25  31  92 211 239 72 350 307   0  0    5 295 350  92 211 239  72 -55  55 6.8959 
110   2  76   1   1   0  0  1 1.00  32 223 34 360 187 27 167   0  0    3 211 360 223  34 187  27 -149 149 4.7403 
110   2  76   1   1   0  0  2 2.25  33 113 296 255 116 293 307   0  0    2 278 296 113 255 116 293 -18  18 4.2617 
110   2  76   1   1   0  0  2 2.25  34 181 72 115  9 168 247   0  0    4  10   9 181  72 115 168   1   1 3.4431 
110   2  76   1   1   0  0  1 1.00  35 216 81 10 21  7  94   0  0    3 183  10 216  81  21   7 173 173 6.8610 
110   2  76   1   1   0  0  1 1.00  36 232 319 164  7 192 257   0  0    1 209 232 319 164   7 192 -23  23 3.2830 
110   2  76   1   1   0  0  1 1.00  37 336 214 134 56 233 236   0  0    5 212 233 336 214 134  56 -21  21 2.8281 
110   2  76   1   1   0  0  1 1.00  38 252 137 349 234 307 335   0  0    3 119 349 252 137 234 307 130 130 8.8393 
110   2  76   1   1   0  0  1 1.00  39 156 88 137 235 217 161   0  0    5 230 217 156  88 137 235  13  13 2.2757 
110   2  76   1   1   0  0  1 1.00  40  77 272 218 66 308 240   0  0    1  58  77 272 218  66 308 -19  19 4.4139 
110   2  76   1   1   0  0  1 1.00  41 119 54 213 147 281  85   0  0    3 237 213 119  54 147 281  24  24 4.3524 
110   2  76   1   1   0  0  1 1.00  42 300 95 96 179 93  23   0  0    2  70  95 300  96 179  93 -25  25 3.3249 
110   2  76   1   1   0  0  1 1.00  43 190 194 124 260 244 251   0  0    3 248 124 190 194 260 244 124 124 3.3400 
110   2  76   1   1   0  0  2 2.25  44 276 33 254 105 20 171   0  0    2  11  33 276 254 105  20 -22  22 3.0069 
110   2  76   1   1   0  0  2 2.25  45 123 37 17 27 280 215   0  0    4  27  27 123  37  17 280   0   0 3.1836 
110   2  76   1   1   0  0  1 1.00  46 307 267 292 266 237  37   0  0    5 244 237 307 267 292 266   7   7 4.4040 
110   2  76   1   1   0  0  2 2.25  47 192 354 92 93 28  44   0  0    1 210 192 354  92  93  28  18  18 3.8511 
110   2  76   1   1   0  0  2 2.25  48 219 60 280 322 244  61   0  0    1 245 219  60 280 322 244  26  26 10.7525 
110   2  76   1   1   0  0  1 1.00  49 276 271 233 42 109 266   0  0    3  46 233 276 271  42 109 173 173 3.1669 
110   2  76   1   1   0  0  2 2.25  50 217 102 117 296 340 117   0  0    1 119 217 102 117 296 340 -98  98 4.1846 
110   2  76   1   1   0  0  1 1.00  51 134 351 262 83 278 344   0  0    2 312 351 134 262  83 278 -39  39 3.8836 
110   2  76   1   1   0  0  1 1.00  52 265 227 112 21 30 223   0  0    4  21  21 265 227 112  30   0   0 1.9722 
110   2  76   1   1   0  0  1 1.00  53 306 126 154 109 358 212   0  0    2 185 126 306 154 109 358  59  59 2.0106 
110   2  76   1   1   0  0  2 2.25  54 252 113 15 285 237   3   0  0    4 157 285 252 113  15 237 -128 128 2.4284 
110   2  76   1   1   0  0  1 1.00  55 101 286 351 73 287  78   0  0    4 296  73 101 286 351 287 -137 137 3.2164 
110   2  76   1   1   0  0  1 1.00  56 347 194 218 162 91  84   0  0    5 210  91 347 194 218 162 119 119 2.7962 
110   2  76   1   1   0  0  2 2.25  57  79 291 349 74 193 298   0  0    3  77 349  79 291  74 193  88  88 1.4938 
110   2  76   1   1   0  0  1 1.00  58  94 227 101 45 321 197   0  0    4  94  45  94 227 101 321  49  49 5.5761 
110   2  76   1   1   0  0  2 2.25  59 174 338 105 167 157  11   0  0    3 342 105 174 338 167 157 -123 123 3.3353 
110   2  76   1   1   0  0  2 2.25  60  14 260 58 85 37  90   0  0    4 335  85  14 260  58  37 -110 110 6.2180 
110   2  76   1   1   0  0  1 1.00  61 249 341 314 31 291 281   0  0    5 239 291 249 341 314  31 -52  52 2.5067 
110   2  76   1   1   0  0  1 1.00  62 289 24 355 151 298 149   0  0    5 313 298 289  24 355 151  15  15 2.0433 
110   2  76   1   1   0  0  2 2.25  63 143 253 264 97 57 185   0  0    5 316  57 143 253 264  97 -101 101 2.3158 
110   2  76   1   1   0  0  1 1.00  64 246 177 304 225 94  89   0  0    2  72 177 246 304 225  94 -105 105 6.4596 
110   2  76   1   1   0  0  2 2.25  65 289 172 278 297 13 270   0  0    3 280 278 289 172 297  13   2   2 4.9584 
110   2  76   1   1   0  0  2 2.25  66 344 33  8 103 197 160   0  0    5  24 197 344  33   8 103 -173 173 3.0950 
110   2  76   1   1   0  0  2 2.25  67 135 355 58 136 107  15   0  0    3  17  58 135 355 136 107 -41  41 2.6444 
110   2  76   1   1   0  0  2 2.25  68 317 212 340 288 210  38   0  0    2 209 212 317 340 288 210  -3   3 2.4680 
110   2  76   1   1   0  0  1 1.00  69 359 260 46 272 179 318   0  0    1 343 359 260  46 272 179 -16  16 3.2459 
110   2  76   1   1   0  0  1 1.00  70 187 36 357 338 310 252   0  0    2 331  36 187 357 338 310 -65  65 2.4484 
110   2  76   1   1   0  0  1 1.00  71 304 110 352 187 333  58   0  0    1 287 304 110 352 187 333 -17  17 4.3958 
110   2  76   1   1   0  0  2 2.25  72 233 330 122 196 155  95   0  0    4  27 196 233 330 122 155 -169 169 3.6354 
110   2  76   1   1   0  0  2 2.25  73 130 208 138 303 134 129   0  0    1 164 130 208 138 303 134  34  34 2.2261 
110   2  76   1   1   0  0  1 1.00  74 287 30 44 276 89  55   0  0    5  22  89 287  30  44 276 -67  67 3.8064 
110   2  76   1   1   0  0  1 1.00  75 347 93 37 36 96 174   0  0    5  73  96 347  93  37  36 -23  23 4.9773 
110   2  76   1   1   0  0  2 2.25  76   9 113 141 47 273 269   0  0    3 265 141   9 113  47 273 124 124 3.0394 
110   2  76   1   1   0  0  1 1.00  77 218 301 240 283 290 256   0  0    5 292 290 218 301 240 283   2   2 2.2261 
110   2  76   1   1   0  0  2 2.25  78  48 42 179 26 184  20   0  0    2  28  42  48 179  26 184 -14  14 3.4430 
110   2  76   1   1   0  0  2 2.25  79 290 295 141 22 281 251   0  0    2 285 295 290 141  22 281 -10  10 2.3220 
110   2  76   1   1   0  0  1 1.00  80 120 267 43 114 167 314   0  0    3 222  43 120 267 114 167 179 179 3.1620 
110   2  76   1   1   0  0  1 1.00  81 156 16 147 315 139 106   0  0    2 144  16 156 147 315 139 128 128 3.3279 
110   2  76   1   1   0  0  2 2.25  82  81 349 90 231 277 229   0  0    3  62  90  81 349 231 277 -28  28 2.1155 
110   2  76   1   1   0  0  1 1.00  83 285 69 53 89 350 192   0  0    4  15  89 285  69  53 350 -74  74 2.8599 
110   2  76   1   1   0  0  2 2.25  84 219 175 231 245 13 124   0  0    3 227 231 219 175 245  13  -4   4 2.0666 
110   2  76   1   1   0  0  2 2.25  85 114 171 326 339 229 262   0  0    4 327 339 114 171 326 229 -12  12 1.9537 
110   2  76   1   1   0  0  1 1.00  86 255 231 64 86 277 352   0  0    5 232 277 255 231  64  86 -45  45 4.8647 
110   2  76   1   1   0  0  2 2.25  87 221 329 154 313 112 208   0  0    2 187 329 221 154 313 112 -142 142 2.6134 
110   2  76   1   1   0  0  1 1.00  88 121 241 247 143 151 292   0  0    1 126 121 241 247 143 151   5   5 6.2178 
110   2  76   1   1   0  0  1 1.00  89 299 321 37 125 330 142   0  0    5 299 330 299 321  37 125 -31  31 3.8343 
110   2  76   1   1   0  0  2 2.25  90  55 164 316 109 218 309   0  0    1 330  55 164 316 109 218 -85  85 2.7527 
110   2  76   1   1   0  0  1 1.00  91 329 68 37 23 99 245   0  0    2  22  68 329  37  23  99 -46  46 2.5431 
110   2  76   1   1   0  0  2 2.25  92 238 90 173 240 154  10   0  0    2  62  90 238 173 240 154 -28  28 2.2989 
110   2  76   1   1   0  0  2 2.25  93 279 238 195 119 21  10   0  0    3 149 195 279 238 119  21 -46  46 3.1690 
110   2  76   1   1   0  0  1 1.00  94 175 258 276 183 190   9   0  0    1 181 175 258 276 183 190   6   6 3.6621 
110   2  76   1   1   0  0  2 2.25  95 219 247 223 329 325 242   0  0    4 321 329 219 247 223 325  -8   8 1.6522 
110   2  76   1   1   0  0  1 1.00  96 219 321 141 177 85  11   0  0    1 226 219 321 141 177  85   7   7 2.1437 
110   2  76   1   1   0  0  1 1.00  97 331 275 282 328 263 227   0  0    2 283 275 331 282 328 263   8   8 1.7514 
110   2  76   1   1   0  0  2 2.25  98 190 167 216 126 128 218   0  0    2 180 167 190 216 126 128  13  13 3.3154 
110   2  76   1   1   0  0  1 1.00  99  39 331 170 87 146 296   0  0    1  68  39 331 170  87 146  29  29 1.8593 
110   2  76   1   1   0  0  1 1.00 100  84 52 31  7 207 254   0  0    3   4  31  84  52   7 207 -27  27 2.9583 
110   2  76   1   0   1  1  0 1.00   1  60 106 194 312 267 182   1  0    1  69  60 106 194 312 267   9   9 2.0252 
110   2  76   1   0   1  2  0 2.25   2  16 236 12 297 22 130   1  2    2 116 236  16  12 297  22 -120 120 2.4601 
110   2  76   1   0   1  1  0 1.00   3 235 74 220 44 218 322   4  0    4 121  44 235  74 220 218  77  77 1.7380 
110   2  76   1   0   1  2  0 2.25   4  76 294 199 281 143  65   3  5    5 178 143  76 294 199 281  35  35 1.4966 
110   2  76   1   1   1  2  0 2.25   1   1 353  9  7 310 212   5  2    2 320 353   1   9   7 310 -33  33 2.8564 
110   2  76   1   1   1  1  0 1.00   2  23 162 42 139 279 257   1  0    1  16  23 162  42 139 279  -7   7 2.7898 
110   2  76   1   1   1  2  0 2.25   3 192 80 26 159 132 173   5  4    4  80 159 192  80  26 132 -79  79 2.6572 
110   2  76   1   1   1  1  0 1.00   4 314 122 148 66 49 106   5  0    5 275  49 314 122 148  66 -134 134 3.9028 
110   2  76   1   1   1  2  0 2.25   5 301 357 312 168 337 284   5  4    4 176 168 301 357 312 337   8   8 1.5084 
110   2  76   1   1   1  1  0 1.00   6 288 16 105 107 331  82   1  0    1 327 288  16 105 107 331  39  39 1.8333 
110   2  76   1   1   1  1  0 1.00   7   8 165 101 218 292  80   5  0    5 321 292   8 165 101 218  29  29 1.4966 
110   2  76   1   1   1  1  0 1.00   8 332 351 78 147 336 101   3  0    3  69  78 332 351 147 336  -9   9 2.4382 
110   2  76   1   1   1  2  0 2.25   9 111 153 116 88 15 161   1  2    2 160 153 111 116  88  15   7   7 6.8718 
110   2  76   1   1   1  1  0 1.00  10 343 151 310 184 16 233   2  0    2 190 151 343 310 184  16  39  39 2.1923 
110   2  76   1   1   1  2  0 2.25  11  48 288 232 317 350 306   4  3    3 223 232  48 288 317 350  -9   9 1.8204 
110   2  76   1   1   1  1  0 1.00  12 158 178 82 192 143 191   5  0    5 164 143 158 178  82 192  21  21 2.3642 
110   2  76   1   1   1  2  0 2.25  13 157 80 276 298 187 107   3  1    1 128 157  80 276 298 187 -29  29 2.8895 
110   2  76   1   1   1  2  0 2.25  14  46 116 352 316 79  42   4  5    5  45  79  46 116 352 316 -34  34 1.8009 
110   2  76   1   1   1  2  0 2.25  15 164 118 210 136 214  21   5  3    3 190 210 164 118 136 214 -20  20 1.7966 
110   2  76   1   1   1  1  0 1.00  16 231 74 344 42 343 254   5  0    5  72 343 231  74 344  42  89  89 3.0699 
110   2  76   1   1   1  2  0 2.25  17  92 97 156 17 227 198   2  5    5  47 227  92  97 156  17 180 180 1.6457 
110   2  76   1   1   1  2  0 2.25  18 236 93 17 25 138  45   1  3    3  21  17 236  93  25 138   4   4 1.3365 
110   2  76   1   1   1  2  0 2.25  19 183 263 264 105 45 287   5  4    4 248 105 183 263 264  45 143 143 2.5434 
110   2  76   1   1   1  2  0 2.25  20 255 75 164  2 122  29   5  4    4 152   2 255  75 164 122 150 150 1.4211 
110   2  76   1   1   1  1  0 1.00  21 323 219 148 42 266 112   4  0    4 245  42 323 219 148 266 -157 157 2.7655 
110   2  76   1   1   1  1  0 1.00  22  39 164 275 120 318  39   5  0    5 284 318  39 164 275 120 -34  34 2.6710 
110   2  76   1   1   1  2  0 2.25  23 243 276 69 191 184 188   4  2    2 319 276 243  69 191 184  43  43 1.5353 
110   2  76   1   1   1  1  0 1.00  24  58 215 323  1 337 100   3  0    3 209 323  58 215   1 337 -114 114 2.4028 
110   2  76   1   1   1  1  0 1.00  25 321 87 253 18 267 302   4  0    4  62  18 321  87 253 267  44  44 2.8188 
110   2  76   1   1   1  1  0 1.00  26  17 240 292 52 232 224   2  0    2 232 240  17 292  52 232  -8   8 3.4837 
110   2  76   1   1   1  2  0 2.25  27 168 203 313 93 268 238   5  2    2 212 203 168 313  93 268   9   9 1.3624 
110   2  76   1   1   1  1  0 1.00  28 235 64 234 246 153 121   5  0    5  20 153 235  64 234 246 -133 133 2.6454 
110   2  76   1   1   1  1  0 1.00  29 190 251 149 201 278  66   1  0    1 203 190 251 149 201 278  13  13 2.2679 
110   2  76   1   1   1  1  0 1.00  30 118 150 95 163 259  68   3  0    3  97  95 118 150 163 259   2   2 2.4172 
110   2  76   1   1   1  1  0 1.00  31 122 179 123 183 286 292   1  0    1 174 122 179 123 183 286  52  52 2.2485 
110   2  76   1   1   1  1  0 1.00  32 182 352 248 353 170 104   3  0    3 247 248 182 352 353 170  -1   1 1.3993 
110   2  76   1   1   1  1  0 1.00  33  90 298 253 166 189 117   4  0    4 191 166  90 298 253 189  25  25 2.6245 
110   2  76   1   1   1  1  0 1.00  34  41 319 97 264 63 224   3  0    3  40  97  41 319 264  63 -57  57 2.8714 
110   2  76   1   1   1  2  0 2.25  35 307 207 38 249 299 353   5  3    3  84  38 307 207 249 299  46  46 4.9753 
110   2  76   1   1   1  1  0 1.00  36  10 160 103 81 155 127   1  0    1   8  10 160 103  81 155  -2   2 3.5897 
110   2  76   1   1   1  2  0 2.25  37 226 37 122 332 144  50   3  2    2  16  37 226 122 332 144 -21  21 1.6243 
110   2  76   1   1   1  2  0 2.25  38 219 191 199 228 108 199   1  3    3 187 199 219 191 228 108 -12  12 1.4037 
110   2  76   1   1   1  2  0 2.25  39  91 141 222 35 92 315   5  2    2 171 141  91 222  35  92  30  30 1.7599 
110   2  76   1   1   1  2  0 2.25  40 281 107  4 304 103 225   5  3    3  58   4 281 107 304 103  54  54 2.4140 
110   2  76   1   1   1  1  0 1.00  41 242 21 145 14 79  19   2  0    2  13  21 242 145  14  79  -8   8 2.1418 
110   2  76   1   1   1  2  0 2.25  42 116 320 114 19 241 347   3  5    5 211 241 116 320 114  19 -30  30 4.3638 
110   2  76   1   1   1  1  0 1.00  43 169 261 177 141 94 330   4  0    4 104 141 169 261 177  94 -37  37 2.6597 
110   2  76   1   1   1  2  0 2.25  44  43 65 213 308 42 189   4  1    1  47  43  65 213 308  42   4   4 1.4767 
110   2  76   1   1   1  1  0 1.00  45  20 29 51 176 346 193   5  0    5  13 346  20  29  51 176  27  27 2.4989 
110   2  76   1   1   1  1  0 1.00  46 187 250 333 274  9 212   3  0    3 324 333 187 250 274   9  -9   9 2.1434 
110   2  76   1   1   1  1  0 1.00  47 259 82 241 345 359 101   3  0    3 239 241 259  82 345 359  -2   2 2.3944 
110   2  76   1   1   1  1  0 1.00  48 102 112 91 24 239 141   2  0    2  80 112 102  91  24 239 -32  32 1.9230 
110   2  76   1   1   1  2  0 2.25  49 259 273 202 130 262 141   4  3    3 180 202 259 273 130 262 -22  22 1.3460 
110   2  76   1   1   1  1  0 1.00  50 113 147 136 316 79  55   3  0    3 129 136 113 147 316  79  -7   7 2.4938 
110   2  76   1   1   1  1  0 1.00  51  88 221 241 302 244 140   3  0    3 241 241  88 221 302 244   0   0 1.6717 
110   2  76   1   1   1  2  0 2.25  52  16 176 27 25 354 284   5  4    4  49  25  16 176  27 354  24  24 2.7450 
110   2  76   1   1   1  2  0 2.25  53 340 143 50 348 185 209   5  3    3 222  50 340 143 348 185 172 172 2.8225 
110   2  76   1   1   1  2  0 2.25  54  15  6 320 210 255 302   3  2    2 358   6  15 320 210 255  -8   8 1.7766 
110   2  76   1   1   1  2  0 2.25  55 214 287 133 196 230 195   1  3    3 295 133 214 287 196 230 162 162 1.3178 
110   2  76   1   1   1  1  0 1.00  56 235 233  7 132 150   2   1  0    1 237 235 233   7 132 150   2   2 2.1864 
110   2  76   1   1   1  2  0 2.25  57  32 175 107 357 83 204   5  3    3 249 107  32 175 357  83 142 142 1.4703 
110   2  76   1   1   1  2  0 2.25  58  84 274 216  4 168  94   2  1    1  29  84 274 216   4 168 -55  55 1.3199 
110   2  76   1   1   1  1  0 1.00  59  30 138 273 208 240 140   4  0    4 228 208  30 138 273 240  20  20 4.5003 
110   2  76   1   1   1  1  0 1.00  60  56 256 19 120 312 256   5  0    5 299 312  56 256  19 120 -13  13 1.6626 
110   2  76   1   1   1  1  0 1.00  61 200 108 313 126 279 222   3  0    3 302 313 200 108 126 279 -11  11 1.6695 
110   2  76   1   1   1  1  0 1.00  62 257 338 353 178 328 213   4  0    4 327 178 257 338 353 328 149 149 2.1315 
110   2  76   1   1   1  2  0 2.25  63 160 128 122 273 251 145   5  4    4 252 273 160 128 122 251 -21  21 1.8984 
110   2  76   1   1   1  2  0 2.25  64 347 212 63 36 30 355   1  2    2 204 212 347  63  36  30  -8   8 1.6269 
110   2  76   1   1   1  2  0 2.25  65  37 133 145 310 109 281   1  4    4  67 310  37 133 145 109 117 117 1.3342 
110   2  76   1   1   1  2  0 2.25  66  84 205 67 125 77 192   5  1    1  75  84 205  67 125  77  -9   9 1.1813 
110   2  76   1   1   1  1  0 1.00  67 319 157 67 238 142  56   2  0    2 192 157 319  67 238 142  35  35 1.9192 
110   2  76   1   1   1  2  0 2.25  68 183 222 302 339 313 283   4  5    5 349 313 183 222 302 339  36  36 1.8622 
110   2  76   1   1   1  2  0 2.25  69 227 177 218 89 235  76   2  3    3 178 218 227 177  89 235 -40  40 1.5280 
110   2  76   1   1   1  1  0 1.00  70 112 216 22 122 310 194   4  0    4  85 122 112 216  22 310 -37  37 2.4442 
110   2  76   1   1   1  2  0 2.25  71 106 285 167 41 165 162   4  5    5   7 165 106 285 167  41 -158 158 1.7662 
110   2  76   1   1   1  2  0 2.25  72 194 287 355 205 203 152   4  2    2 302 287 194 355 205 203  15  15 1.5874 
110   2  76   1   1   1  1  0 1.00  73 227 19 183 101 231 116   3  0    3 174 183 227  19 101 231  -9   9 1.5248 
110   2  76   1   1   1  2  0 2.25  74  92 15 187 137 61 331   2  3    3 185 187  92  15 137  61  -2   2 1.7645 
110   2  76   1   1   1  2  0 2.25  75   2 219 316  8 65 250   1  3    3 289 316   2 219   8  65 -27  27 1.2423 
110   2  76   1   1   1  2  0 2.25  76  55 202 182 313 279  93   1  4    4 180 313  55 202 182 279 -133 133 1.6459 
110   2  76   1   1   1  2  0 2.25  77 216 98 212 272 320 348   2  5    5 297 320 216  98 212 272 -23  23 1.5606 
110   2  76   1   1   1  1  0 1.00  78  35 326 79 348 83 179   1  0    1  87  35 326  79 348  83  52  52 1.7635 
110   2  76   1   1   1  1  0 1.00  79 102 53 293 326 195 208   5  0    5 178 195 102  53 293 326 -17  17 1.9662 
110   2  76   1   1   1  1  0 1.00  80 194 357 133 347 27 229   1  0    1 169 194 357 133 347  27 -25  25 1.7040 
110   2  76   1   1   1  2  0 2.25  81   5 217 339 247 337  86   1  4    4 240 247   5 217 339 337  -7   7 1.5679 
110   2  76   1   1   1  2  0 2.25  82 254 274 44 152 250 295   2  4    4 262 152 254 274  44 250 110 110 2.4374 
110   2  76   1   1   1  1  0 1.00  83 167 25 173 150 99 272   2  0    2  15  25 167 173 150  99 -10  10 2.0999 
110   2  76   1   1   1  1  0 1.00  84 322 32 166 278 74  22   1  0    1 329 322  32 166 278  74   7   7 1.5443 
110   2  76   1   1   1  2  0 2.25  85 278 350 120 84 267 264   5  2    2 354 350 278 120  84 267   4   4 1.2390 
110   2  76   1   1   1  1  0 1.00  86 286 37 150 22 198 321   2  0    2 347  37 286 150  22 198 -50  50 2.1910 
110   2  76   1   1   1  2  0 2.25  87 169 314 158 57 274  34   3  4    4  57  57 169 314 158 274   0   0 1.4590 
110   2  76   1   1   1  2  0 2.25  88 227 335 290 113 127 157   3  5    5 135 127 227 335 290 113   8   8 2.3252 
110   2  76   1   1   1  2  0 2.25  89  44 167 55 76 137 137   2  5    5  62 137  44 167  55  76 -75  75 1.9239 
110   2  76   1   1   1  2  0 2.25  90  68 163 159 336 204  64   5  2    2  56 163  68 159 336 204 -107 107 1.6429 
110   2  76   1   1   1  2  0 2.25  91 282 75 204 360 328 118   3  1    1 234 282  75 204 360 328 -48  48 1.5256 
110   2  76   1   1   1  1  0 1.00  92  61 52 358 349 84 322   4  0    4 307 349  61  52 358  84 -42  42 2.4019 
110   2  76   1   1   1  1  0 1.00  93 330 268 337 311 245 251   1  0    1 322 330 268 337 311 245  -8   8 1.4018 
110   2  76   1   1   1  1  0 1.00  94  99 137  4 39 272 211   4  0    4 340  39  99 137   4 272 -59  59 1.4029 
110   2  76   1   1   1  2  0 2.25  95 164 236 11 204 251 210   3  4    4 224 204 164 236  11 251  20  20 2.4952 
110   2  76   1   1   1  1  0 1.00  96 328 36 326 16 227  98   2  0    2  65  36 328 326  16 227  29  29 1.7797 
110   2  76   1   1   1  2  0 2.25  97  87 121 257 280 168 316   1  4    4 116 280  87 121 257 168 -164 164 1.7130 
110   2  76   1   1   1  1  0 1.00  98 141 146 264 233 353  53   2  0    2 188 146 141 264 233 353  42  42 1.8856 
110   2  76   1   1   1  1  0 1.00  99 109 30 224 341 293  22   1  0    1 110 109  30 224 341 293   1   1 1.5948 
110   2  76   1   1   1  1  0 1.00 100  72 55 353 24 168 251   5  0    5 171 168  72  55 353  24   3   3 1.8524 
