111   2  69   1   0   1  1  0 1.00   1 159 100 285 204 235 162   2  0    2  95 100 159 285 204 235  -5   5 13.2439 
111   2  69   1   0   1  2  0 2.25   2 204 308 52 195 68  28   2  3    3  73  52 204 308 195  68  21  21 8.2249 
111   2  69   1   0   1  1  0 1.00   3 180 79 155  5 99  32   3  0    3 159 155 180  79   5  99   4   4 7.0096 
111   2  69   1   0   1  2  0 2.25   4 319 277 223 180 97  55   2  3    3 260 223 319 277 180  97  37  37 5.9275 
111   2  69   1   1   1  2  0 2.25   1 100 181 302 169 13  60   4  1    1 115 100 181 302 169  13  15  15 18.8332 
111   2  69   1   1   1  2  0 2.25   2 113 68 180 35 156  81   1  5    5 188 156 113  68 180  35  32  32 6.5063 
111   2  69   1   1   1  2  0 2.25   3 186 27  8 199 163 358   1  2    2 167  27 186   8 199 163 140 140 4.9407 
111   2  69   1   1   1  1  0 1.00   4 256 134 117 360 72 189   1  0    1 104 256 134 117 360  72 -152 152 8.1003 
111   2  69   1   1   1  1  0 1.00   5 187 293 55 305 228  10   2  0    2 294 293 187  55 305 228   1   1 9.1145 
111   2  69   1   1   1  1  0 1.00   6 282 181 127 159 182 156   4  0    4 181 159 282 181 127 182  22  22 12.7983 
111   2  69   1   1   1  1  0 1.00   7 292 188  8 15 131 214   1  0    1 305 292 188   8  15 131  13  13 4.4836 
111   2  69   1   1   1  2  0 2.25   8 328 335 336 111  2 288   4  1    1 331 328 335 336 111   2   3   3 4.7138 
111   2  69   1   1   1  1  0 1.00   9 240 272 20 214 101  67   4  0    4 205 214 240 272  20 101  -9   9 9.2668 
111   2  69   1   1   1  2  0 2.25  10 231 319 339 357 305 289   4  1    1 219 231 319 339 357 305 -12  12 3.2125 
111   2  69   1   1   1  2  0 2.25  11 297 108 284 283 160 134   2  4    4 283 283 297 108 284 160   0   0 12.2864 
111   2  69   1   1   1  2  0 2.25  12 256 17 143 154 313   8   2  4    4 196 154 256  17 143 313  42  42 10.4116 
111   2  69   1   1   1  1  0 1.00  13   9 224 301 19 60  41   3  0    3  87 301   9 224  19  60 146 146 7.5386 
111   2  69   1   1   1  1  0 1.00  14 348 345 115 214 113 193   1  0    1 104 348 345 115 214 113 116 116 6.1674 
111   2  69   1   1   1  1  0 1.00  15 335 49 354  2 74   6   2  0    2  89  49 335 354   2  74  40  40 6.1410 
111   2  69   1   1   1  1  0 1.00  16 287 337 313 238 16  48   2  0    2 315 337 287 313 238  16 -22  22 8.4433 
111   2  69   1   1   1  1  0 1.00  17 104 233 143 273 122 198   2  0    2 109 233 104 143 273 122 -124 124 5.1151 
111   2  69   1   1   1  2  0 2.25  18 294 181 156 24 153  44   1  5    5 187 153 294 181 156  24  34  34 4.6472 
111   2  69   1   1   1  1  0 1.00  19 288 187 179 210 65 313   2  0    2 186 187 288 179 210  65  -1   1 6.6351 
111   2  69   1   1   1  1  0 1.00  20  99 208 228 105 290 259   5  0    5  80 290  99 208 228 105 150 150 7.1976 
111   2  69   1   1   1  2  0 2.25  21 243 328 279  6 52  21   2  5    5  85  52 243 328 279   6  33  33 18.1315 
111   2  69   1   1   1  1  0 1.00  22 156 82 78 127 331  79   2  0    2 101  82 156  78 127 331  19  19 5.4462 
111   2  69   1   1   1  2  0 2.25  23  25 199  5 353 171   1   4  5    5 189 171  25 199   5 353  18  18 2.7405 
111   2  69   1   1   1  1  0 1.00  24 111 108 306 298 285  90   1  0    1 104 111 108 306 298 285  -7   7 5.6866 
111   2  69   1   1   1  1  0 1.00  25  39 62 133 79 101 194   2  0    2 112  62  39 133  79 101  50  50 5.3676 
111   2  69   1   1   1  2  0 2.25  26  97 113 326 264 189  15   4  1    1 298  97 113 326 264 189 -159 159 12.0960 
111   2  69   1   1   1  2  0 2.25  27  95 113 135 85 217  74   4  5    5 250 217  95 113 135  85  33  33 2.9652 
111   2  69   1   1   1  2  0 2.25  28 280 206 179 150 48  17   2  1    1 288 280 206 179 150  48   8   8 3.8656 
111   2  69   1   1   1  1  0 1.00  29 304 209 143 149 244  82   2  0    2 255 209 304 143 149 244  46  46 4.7178 
111   2  69   1   1   1  1  0 1.00  30 244 46 39 319 121 168   2  0    2  94  46 244  39 319 121  48  48 8.3990 
111   2  69   1   1   1  2  0 2.25  31 255 223 18 336 132 125   5  2    2 102 223 255  18 336 132 -121 121 27.2993 
111   2  69   1   1   1  1  0 1.00  32 188 85  2 197 293  20   3  0    3  17   2 188  85 197 293  15  15 2.9653 
111   2  69   1   1   1  2  0 2.25  33  41 154 56 335 306 107   4  1    1  54  41 154  56 335 306  13  13 2.9537 
111   2  69   1   1   1  1  0 1.00  34 278 156 322 336 220  66   3  0    3 290 322 278 156 336 220 -32  32 3.5391 
111   2  69   1   1   1  2  0 2.25  35  79 303 106 34 161 322   4  1    1  80  79 303 106  34 161   1   1 3.0156 
111   2  69   1   1   1  1  0 1.00  36  39 298 58 288 236 250   4  0    4 300 288  39 298  58 236  12  12 3.5907 
111   2  69   1   1   1  2  0 2.25  37  37 90 338 93 173  84   1  3    3  78 338  37  90  93 173 100 100 6.3210 
111   2  69   1   1   1  1  0 1.00  38 172 206 130 152 20  32   3  0    3 128 130 172 206 152  20  -2   2 3.6159 
111   2  69   1   1   1  2  0 2.25  39 269 241 307 340 192 254   4  2    2 278 241 269 307 340 192  37  37 5.3216 
111   2  69   1   1   1  2  0 2.25  40 180 111 179 72 55  21   2  1    1  83 180 111 179  72  55 -97  97 2.6289 
111   2  69   1   1   1  2  0 2.25  41 338 211 173 119  9 194   5  4    4 109 119 338 211 173   9 -10  10 2.9990 
111   2  69   1   1   1  2  0 2.25  42  83 259 349 12 352 251   4  5    5 287 352  83 259 349  12 -65  65 3.0181 
111   2  69   1   1   1  2  0 2.25  43  25 132 195 219  4  19   2  1    1  10  25 132 195 219   4 -15  15 3.7398 
111   2  69   1   1   1  2  0 2.25  44  56 285 233 26 218 102   1  5    5 131 218  56 285 233  26 -87  87 3.9600 
111   2  69   1   1   1  1  0 1.00  45  14 274 115 215 105 122   3  0    3  90 115  14 274 215 105 -25  25 3.6641 
111   2  69   1   1   1  2  0 2.25  46 165 109 22 344 142 244   1  4    4   5 344 165 109  22 142  21  21 3.5199 
111   2  69   1   1   1  1  0 1.00  47 101 355 224  1 259 143   3  0    3 260 224 101 355   1 259  36  36 4.2418 
111   2  69   1   1   1  2  0 2.25  48 150 296 352 161 243  78   2  3    3 286 352 150 296 161 243 -66  66 6.2414 
111   2  69   1   1   1  1  0 1.00  49  67 338 49 255 341 149   3  0    3 103  49  67 338 255 341  54  54 10.5555 
111   2  69   1   1   1  2  0 2.25  50  69 180 299 161 333 213   5  2    2 177 180  69 299 161 333  -3   3 12.0560 
111   2  69   1   1   1  1  0 1.00  51 257 340 345 73 263 131   3  0    3 321 345 257 340  73 263 -24  24 5.2110 
111   2  69   1   1   1  2  0 2.25  52 148 260 355 249 336 123   5  4    4 249 249 148 260 355 336   0   0 4.6590 
111   2  69   1   1   1  2  0 2.25  53 324 89 12 327 338 344   5  4    4 294 327 324  89  12 338 -33  33 4.2414 
111   2  69   1   1   1  2  0 2.25  54 336 300 97 86 252 109   5  3    3 102  97 336 300  86 252   5   5 8.7930 
111   2  69   1   1   1  2  0 2.25  55  81 137 191 320 73  57   5  2    2 148 137  81 191 320  73  11  11 8.3015 
111   2  69   1   1   1  2  0 2.25  56  24 28 223 14 303 288   5  1    1  36  24  28 223  14 303  12  12 9.7826 
111   2  69   1   1   1  1  0 1.00  57 122 255 286 64 330  62   2  0    2 260 255 122 286  64 330   5   5 5.0317 
111   2  69   1   1   1  1  0 1.00  58 170 356 233 159 96 292   2  0    2 200 356 170 233 159  96 -156 156 13.1396 
111   2  69   1   1   1  1  0 1.00  59  72 97 330 313 103 124   4  0    4 299 313  72  97 330 103 -14  14 3.4110 
111   2  69   1   1   1  2  0 2.25  60 322 201 24 128 129 202   3  5    5 198 129 322 201  24 128  69  69 10.0608 
111   2  69   1   1   1  2  0 2.25  61 234 74 331 192 282 217   5  2    2  80  74 234 331 192 282   6   6 5.1974 
111   2  69   1   1   1  1  0 1.00  62 280 27 213 233 217 182   3  0    3 213 213 280  27 233 217   0   0 5.3228 
111   2  69   1   1   1  2  0 2.25  63  62 312 124 360 274  79   4  3    3 197 124  62 312 360 274  73  73 19.6694 
111   2  69   1   1   1  1  0 1.00  64 339 161 332 204 352 278   4  0    4 236 204 339 161 332 352  32  32 10.8961 
111   2  69   1   1   1  2  0 2.25  65  99 93 292 288 353 239   2  3    3 292 292  99  93 288 353   0   0 2.4386 
111   2  69   1   1   1  1  0 1.00  66 279 341 238 162 146  27   1  0    1 300 279 341 238 162 146  21  21 7.9330 
111   2  69   1   1   1  1  0 1.00  67 349 246 318 15 286  40   5  0    5 283 286 349 246 318  15  -3   3 10.4339 
111   2  69   1   1   1  2  0 2.25  68 285 35  4 69 314 103   3  1    1 318 285  35   4  69 314  33  33 4.8194 
111   2  69   1   1   1  2  0 2.25  69  35 227  4 330 265 149   3  1    1   1  35 227   4 330 265 -34  34 2.7311 
111   2  69   1   1   1  1  0 1.00  70  58 321 339 221 139  20   2  0    2 228 321  58 339 221 139 -93  93 17.9894 
111   2  69   1   1   1  1  0 1.00  71 170 293 199 273 340 262   1  0    1 236 170 293 199 273 340  66  66 4.9655 
111   2  69   1   1   1  2  0 2.25  72 246 95 332 167 262 137   2  3    3 100 332 246  95 167 262 128 128 4.5837 
111   2  69   1   1   1  1  0 1.00  73  54 123 210 41 87  95   2  0    2 202 123  54 210  41  87  79  79 14.7581 
111   2  69   1   1   1  1  0 1.00  74  39 237 331 255 224 282   1  0    1 239  39 237 331 255 224 -160 160 5.2671 
111   2  69   1   1   1  2  0 2.25  75 360 124 32 41 165 204   5  1    1  17 360 124  32  41 165  17  17 3.6491 
111   2  69   1   1   1  2  0 2.25  76 188 39 214 47 143 341   5  3    3 177 214 188  39  47 143 -37  37 7.6793 
111   2  69   1   1   1  2  0 2.25  77 334 179 209 144 319 337   3  2    2 188 179 334 209 144 319   9   9 4.0420 
111   2  69   1   1   1  1  0 1.00  78 359 54 63 116 312 201   1  0    1  79 359  54  63 116 312  80  80 3.5346 
111   2  69   1   1   1  1  0 1.00  79  30 230 14 281 316 294   5  0    5 281 316  30 230  14 281 -35  35 3.5760 
111   2  69   1   1   1  1  0 1.00  80 348 47 159 57 76 175   3  0    3 186 159 348  47  57  76  27  27 8.6876 
111   2  69   1   1   1  1  0 1.00  81 203 245 66 329 190 339   3  0    3  73  66 203 245 329 190   7   7 7.5818 
111   2  69   1   1   1  1  0 1.00  82 234 281  3 63 37 238   1  0    1 226 234 281   3  63  37  -8   8 3.4493 
111   2  69   1   1   1  2  0 2.25  83 349 306 356 300 170 203   3  5    5 185 170 349 306 356 300  15  15 3.9699 
111   2  69   1   1   1  2  0 2.25  84 275 281 52 252 83 259   4  1    1 297 275 281  52 252  83  22  22 6.0445 
111   2  69   1   1   1  2  0 2.25  85  94 307 287 209 122 219   1  3    3 284 287  94 307 209 122  -3   3 2.4342 
111   2  69   1   1   1  1  0 1.00  86 335 295 17 267 113 328   4  0    4 101 267 335 295  17 113 -166 166 6.1766 
111   2  69   1   1   1  1  0 1.00  87 100 208 126 327 36 121   2  0    2  89 208 100 126 327  36 -119 119 6.6536 
111   2  69   1   1   1  2  0 2.25  88 129 142 52 20 280 265   3  2    2 147 142 129  52  20 280   5   5 3.4026 
111   2  69   1   1   1  1  0 1.00  89 349 270 320 32 289 267   3  0    3 198 320 349 270  32 289 -122 122 5.6574 
111   2  69   1   1   1  2  0 2.25  90  52 151 115 207 236 349   4  2    2 167 151  52 115 207 236  16  16 5.2228 
111   2  69   1   1   1  2  0 2.25  91  48 335 210 297 246  84   5  4    4 287 297  48 335 210 246 -10  10 4.2540 
111   2  69   1   1   1  1  0 1.00  92 360 229 301 156 257 282   3  0    3 105 301 360 229 156 257 164 164 8.9137 
111   2  69   1   1   1  2  0 2.25  93 130 211  5 205 315 271   5  1    1  83 130 211   5 205 315 -47  47 2.4576 
111   2  69   1   1   1  2  0 2.25  94 182 290 312 235  5 203   3  2    2 301 290 182 312 235   5  11  11 4.2746 
111   2  69   1   1   1  1  0 1.00  95 216 102 92 234 89 306   3  0    3  81  92 216 102 234  89 -11  11 4.4457 
111   2  69   1   1   1  1  0 1.00  96  25 189 100 199 249 292   5  0    5 241 249  25 189 100 199  -8   8 3.5540 
111   2  69   1   1   1  1  0 1.00  97  84 204 199 295 345 187   5  0    5  78 345  84 204 199 295  93  93 5.4265 
111   2  69   1   1   1  1  0 1.00  98 237 264 204 253 252 108   5  0    5 245 252 237 264 204 253  -7   7 5.1902 
111   2  69   1   1   1  1  0 1.00  99 192 285 316 342 168   3   4  0    4 190 342 192 285 316 168 -152 152 24.1150 
111   2  69   1   1   1  2  0 2.25 100 263 353 116 255 19 157   4  1    1 272 263 353 116 255  19   9   9 3.8511 
111   2  69   1   0   0  0  1 1.00   1 143 21 213 320 30 356   0  0    5 179  30 143  21 213 320 149 149 5.5252 
111   2  69   1   0   0  0  2 2.25   2 113 249 337 36 103  41   0  0    5 105 103 113 249 337  36   2   2 8.3901 
111   2  69   1   0   0  0  2 2.25   3   5 37 250 73 189 174   0  0    1  97   5  37 250  73 189  92  92 7.5293 
111   2  69   1   0   0  0  1 1.00   4 137 226 32 153 107 337   0  0    2 125 226 137  32 153 107 -101 101 11.9234 
111   2  69   1   1   0  0  1 1.00   1 326  7 56 358 99  16   0  0    5  75  99 326   7  56 358 -24  24 5.7758 
111   2  69   1   1   0  0  1 1.00   2  26 207 66 114 342 327   0  0    3 151  66  26 207 114 342  85  85 10.4740 
111   2  69   1   1   0  0  2 2.25   3 334 83 312 123 247   9   0  0    2  99  83 334 312 123 247  16  16 6.9922 
111   2  69   1   1   0  0  1 1.00   4 307 246 317 306 148 109   0  0    5 148 148 307 246 317 306   0   0 4.1524 
111   2  69   1   1   0  0  2 2.25   5 187 184 211  7 33 158   0  0    4 312   7 187 184 211  33 -55  55 3.6898 
111   2  69   1   1   0  0  2 2.25   6 257 174 27 296 48 173   0  0    1 159 257 174  27 296  48 -98  98 2.9182 
111   2  69   1   1   0  0  1 1.00   7 140 295 318 311 268  24   0  0    3 302 318 140 295 311 268 -16  16 6.7576 
111   2  69   1   1   0  0  1 1.00   8 150 299 60 315 39 358   0  0    1 166 150 299  60 315  39  16  16 3.6874 
111   2  69   1   1   0  0  1 1.00   9 152 234 329 129 278 105   0  0    5 295 278 152 234 329 129  17  17 4.4631 
111   2  69   1   1   0  0  2 2.25  10 186 326 252 307 260  92   0  0    1 167 186 326 252 307 260 -19  19 4.0681 
111   2  69   1   1   0  0  2 2.25  11  74 352 84 255 261 210   0  0    3 267  84  74 352 255 261 -177 177 14.2164 
111   2  69   1   1   0  0  2 2.25  12 327 141 125  9 339 317   0  0    5 300 339 327 141 125   9 -39  39 3.7567 
111   2  69   1   1   0  0  1 1.00  13  61 324 334 212 280 249   0  0    2   7 324  61 334 212 280  43  43 7.8018 
111   2  69   1   1   0  0  2 2.25  14 187  9 39 49 25 191   0  0    4 323  49 187   9  39  25 -86  86 6.2456 
111   2  69   1   1   0  0  1 1.00  15  85 328 343 137 74 145   0  0    3 301 343  85 328 137  74 -42  42 4.0447 
111   2  69   1   1   0  0  1 1.00  16 322 218 51 121 228 300   0  0    1 302 322 218  51 121 228 -20  20 2.9263 
111   2  69   1   1   0  0  2 2.25  17 278 122 299 213 94 358   0  0    4 128 213 278 122 299  94 -85  85 6.6501 
111   2  69   1   1   0  0  1 1.00  18  51 303 55 61 53 269   0  0    2 290 303  51  55  61  53 -13  13 3.1047 
111   2  69   1   1   0  0  1 1.00  19 307 92 222 306 97 141   0  0    5  99  97 307  92 222 306   2   2 7.5445 
111   2  69   1   1   0  0  2 2.25  20 341 63 147 296 196 127   0  0    2  87  63 341 147 296 196  24  24 3.6389 
111   2  69   1   1   0  0  1 1.00  21 257 309 49 269 318  58   0  0    4 280 269 257 309  49 318  11  11 4.9766 
111   2  69   1   1   0  0  2 2.25  22 208 238 38 97 126 238   0  0    5 103 126 208 238  38  97 -23  23 29.1113 
111   2  69   1   1   0  0  2 2.25  23  54 248 28 318 190 301   0  0    2 175 248  54  28 318 190 -73  73 7.4247 
111   2  69   1   1   0  0  1 1.00  24  49 101 62 114 296 346   0  0    4  92 114  49 101  62 296 -22  22 4.4391 
111   2  69   1   1   0  0  1 1.00  25 314 324 278 11 186  51   0  0    3 241 278 314 324  11 186 -37  37 4.6322 
111   2  69   1   1   0  0  2 2.25  26 214 29 242 262 281  33   0  0    4 229 262 214  29 242 281 -33  33 3.3019 
111   2  69   1   1   0  0  1 1.00  27 336 211 31 105 18 337   0  0    3 204  31 336 211 105  18 173 173 7.9175 
111   2  69   1   1   0  0  2 2.25  28 352 170 246 51 75 147   0  0    3 208 246 352 170  51  75 -38  38 6.6526 
111   2  69   1   1   0  0  2 2.25  29  16 45 356 240  6   9   0  0    5  52   6  16  45 356 240  46  46 7.0396 
111   2  69   1   1   0  0  1 1.00  30 348 308 11 35 228 205   0  0    2 299 308 348  11  35 228  -9   9 3.2139 
111   2  69   1   1   0  0  2 2.25  31 258 261 294 43 191 160   0  0    1 265 258 261 294  43 191   7   7 5.6862 
111   2  69   1   1   0  0  1 1.00  32 191 211 314 70 140  34   0  0    5 243 140 191 211 314  70 103 103 10.0036 
111   2  69   1   1   0  0  2 2.25  33 125 261 107 326 357   8   0  0    2 269 261 125 107 326 357   8   8 3.8853 
111   2  69   1   1   0  0  1 1.00  34 147 191 334 169 99  50   0  0    1 189 147 191 334 169  99  42  42 4.2288 
111   2  69   1   1   0  0  1 1.00  35 169 112 305 147 246 329   0  0    4 108 147 169 112 305 246 -39  39 4.5827 
111   2  69   1   1   0  0  1 1.00  36  30 355 231 258 14  53   0  0    5  79  14  30 355 231 258  65  65 7.9621 
111   2  69   1   1   0  0  2 2.25  37 136 131 279 263 290 263   0  0    3 306 279 136 131 263 290  27  27 4.8473 
111   2  69   1   1   0  0  2 2.25  38 254 165 319 237 66 106   0  0    3 235 319 254 165 237  66 -84  84 10.1002 
111   2  69   1   1   0  0  1 1.00  39 234 30 154 83 94 354   0  0    2   2  30 234 154  83  94 -28  28 9.0129 
111   2  69   1   1   0  0  2 2.25  40 117 86 47 104 303 132   0  0    3 114  47 117  86 104 303  67  67 7.2147 
111   2  69   1   1   0  0  1 1.00  41  78 91 277 46 16 295   0  0    5 318  16  78  91 277  46 -58  58 5.1021 
111   2  69   1   1   0  0  2 2.25  42 165 323 193 184 115 187   0  0    4 163 184 165 323 193 115 -21  21 6.8962 
111   2  69   1   1   0  0  2 2.25  43 104 86 252 238 332 288   0  0    4 241 238 104  86 252 332   3   3 5.3532 
111   2  69   1   1   0  0  2 2.25  44  39 130 206 318 312 171   0  0    1  82  39 130 206 318 312  43  43 3.0651 
111   2  69   1   1   0  0  1 1.00  45  23 136 274 37 260 286   0  0    2 243 136  23 274  37 260 107 107 5.4670 
111   2  69   1   1   0  0  2 2.25  46 196 353 273 186 54 129   0  0    2 268 353 196 273 186  54 -85  85 5.8947 
111   2  69   1   1   0  0  2 2.25  47  61 231 308 90 180 345   0  0    1 175  61 231 308  90 180 114 114 4.1208 
111   2  69   1   1   0  0  1 1.00  48 272 32 128 225 189  36   0  0    2 286  32 272 128 225 189 -106 106 9.3906 
111   2  69   1   1   0  0  1 1.00  49 223 122 319 174 57 216   0  0    1 246 223 122 319 174  57  23  23 3.6363 
111   2  69   1   1   0  0  2 2.25  50 154 187  9 280 114 224   0  0    5 100 114 154 187   9 280 -14  14 5.2428 
111   2  69   1   1   0  0  1 1.00  51 149 147 236 217  5 269   0  0    3 258 236 149 147 217   5  22  22 4.2213 
111   2  69   1   1   0  0  1 1.00  52 184 38 258 324 178 209   0  0    4 315 324 184  38 258 178  -9   9 4.6312 
111   2  69   1   1   0  0  2 2.25  53  91 118 106  6 139 298   0  0    4   5   6  91 118 106 139  -1   1 10.5331 
111   2  69   1   1   0  0  1 1.00  54  78 29 147 215 32 202   0  0    2   1  29  78 147 215  32 -28  28 7.8280 
111   2  69   1   1   0  0  2 2.25  55 335 10 235 15 87 253   0  0    1 314 335  10 235  15  87 -21  21 3.3186 
111   2  69   1   1   0  0  1 1.00  56 264 259 217 92 245 245   0  0    2 265 259 264 217  92 245   6   6 5.1015 
111   2  69   1   1   0  0  1 1.00  57 110 82 166 293 351  66   0  0    4 295 293 110  82 166 351   2   2 6.5158 
111   2  69   1   1   0  0  1 1.00  58 249 348 245 121 189 255   0  0    4 199 121 249 348 245 189  78  78 7.2557 
111   2  69   1   1   0  0  2 2.25  59  20 356 106 324 335   8   0  0    1  15  20 356 106 324 335  -5   5 4.6176 
111   2  69   1   1   0  0  1 1.00  60 229 262 297 125 190 226   0  0    1 191 229 262 297 125 190 -38  38 7.3077 
111   2  69   1   1   0  0  1 1.00  61 131 42 283 60 36 345   0  0    5  94  36 131  42 283  60  58  58 7.8788 
111   2  69   1   1   0  0  1 1.00  62 160 69 79 206 20 276   0  0    2  67  69 160  79 206  20  -2   2 3.7067 
111   2  69   1   1   0  0  1 1.00  63  91 42 286 90 81  88   0  0    4  69  90  91  42 286  81 -21  21 3.8260 
111   2  69   1   1   0  0  2 2.25  64 206 64 117 174 304  20   0  0    4 155 174 206  64 117 304 -19  19 4.1929 
111   2  69   1   1   0  0  1 1.00  65 356 243 200 110 196 132   0  0    3 176 200 356 243 110 196 -24  24 8.2761 
111   2  69   1   1   0  0  2 2.25  66 336 38 191 56 328   4   0  0    2  41  38 336 191  56 328   3   3 4.9082 
111   2  69   1   1   0  0  2 2.25  67 197 194 256 126 21 319   0  0    5  28  21 197 194 256 126   7   7 4.4305 
111   2  69   1   1   0  0  2 2.25  68 251 187 291 13 359 173   0  0    4 198  13 251 187 291 359 -175 175 5.3488 
111   2  69   1   1   0  0  2 2.25  69 214 157 196 60 19 213   0  0    3 267 196 214 157  60  19  71  71 14.7491 
111   2  69   1   1   0  0  1 1.00  70 192 246 140 37 312 354   0  0    3 185 140 192 246  37 312  45  45 7.8148 
111   2  69   1   1   0  0  2 2.25  71 307 16 269 189 274 279   0  0    2  17  16 307 269 189 274   1   1 6.3860 
111   2  69   1   1   0  0  2 2.25  72  29 354 290 47 272 164   0  0    4  66  47  29 354 290 272  19  19 5.3441 
111   2  69   1   1   0  0  2 2.25  73   3 282 65 310 98   8   0  0    4  60 310   3 282  65  98 110 110 5.5207 
111   2  69   1   1   0  0  2 2.25  74  45 307 272 330 155  11   0  0    4 317 330  45 307 272 155 -13  13 5.2578 
111   2  69   1   1   0  0  1 1.00  75 188 122 83 214 16 286   0  0    4 165 214 188 122  83  16 -49  49 4.6172 
111   2  69   1   1   0  0  1 1.00  76  89 206 17 135 301 156   0  0    5 149 301  89 206  17 135 -152 152 3.6677 
111   2  69   1   1   0  0  2 2.25  77 252 86 279 267 147 346   0  0    1 239 252  86 279 267 147 -13  13 4.2887 
111   2  69   1   1   0  0  1 1.00  78  92  1 185 349 100 235   0  0    2 298   1  92 185 349 100 -63  63 4.1440 
111   2  69   1   1   0  0  2 2.25  79 314 228 181 203 244 273   0  0    1 311 314 228 181 203 244  -3   3 3.3380 
111   2  69   1   1   0  0  2 2.25  80 209 150 77 131 97 208   0  0    1 198 209 150  77 131  97 -11  11 8.0366 
111   2  69   1   1   0  0  2 2.25  81  82 106 214 281 235   5   0  0    3 181 214  82 106 281 235 -33  33 6.9349 
111   2  69   1   1   0  0  1 1.00  82 256 28 44 328 174 307   0  0    3  75  44 256  28 328 174  31  31 3.9219 
111   2  69   1   1   0  0  2 2.25  83  73 356 51 147 222  48   0  0    4 169 147  73 356  51 222  22  22 3.9887 
111   2  69   1   1   0  0  1 1.00  84 253 42 281 61 55  71   0  0    4  55  61 253  42 281  55  -6   6 3.2803 
111   2  69   1   1   0  0  2 2.25  85  41 256 264 235 17 130   0  0    1  65  41 256 264 235  17  24  24 4.4219 
111   2  69   1   1   0  0  1 1.00  86 134 288 216 307 29 220   0  0    4 295 307 134 288 216  29 -12  12 5.7995 
111   2  69   1   1   0  0  2 2.25  87 347 298 263 184 316  35   0  0    5  25 316 347 298 263 184  69  69 5.3257 
111   2  69   1   1   0  0  1 1.00  88 197 214 272 38 119 173   0  0    1 166 197 214 272  38 119 -31  31 3.7865 
111   2  69   1   1   0  0  2 2.25  89 196 154 189 349  9 144   0  0    3 181 189 196 154 349   9  -8   8 7.3226 
111   2  69   1   1   0  0  1 1.00  90 141 317 344 265 332  98   0  0    5 295 332 141 317 344 265 -37  37 3.5251 
111   2  69   1   1   0  0  2 2.25  91 354 332 277 262 48 138   0  0    3 263 277 354 332 262  48 -14  14 6.0484 
111   2  69   1   1   0  0  2 2.25  92 295 128 261 340 302 172   0  0    3 238 261 295 128 340 302 -23  23 9.6921 
111   2  69   1   1   0  0  2 2.25  93 102 165 203 279 206  22   0  0    5 352 206 102 165 203 279 146 146 9.0178 
111   2  69   1   1   0  0  1 1.00  94  93 74 275 221 291 339   0  0    5 301 291  93  74 275 221  10  10 3.7272 
111   2  69   1   1   0  0  2 2.25  95 227 271 138 110 244  68   0  0    4 107 110 227 271 138 244  -3   3 3.2023 
111   2  69   1   1   0  0  2 2.25  96 205 82 143 186 277 273   0  0    5  79 277 205  82 143 186 162 162 3.3307 
111   2  69   1   1   0  0  1 1.00  97  74 267 73 11 137 131   0  0    2 151 267  74  73  11 137 -116 116 4.3855 
111   2  69   1   1   0  0  1 1.00  98  36 306 226 181 175  81   0  0    2 296 306  36 226 181 175 -10  10 4.4366 
111   2  69   1   1   0  0  1 1.00  99  46 157 10 309 294   2   0  0    3  19  10  46 157 309 294   9   9 4.9896 
111   2  69   1   1   0  0  1 1.00 100 311 122 360 11 282  90   0  0    3 348 360 311 122  11 282 -12  12 6.7520 
