116   2  66   1   0   0  0  2 2.25   1 204 180 24 223 59  57   0  0    3  96  24 204 180 223  59  72  72 7.0845 
116   2  66   1   0   0  0  1 1.00   2 305 199 296 260 50 110   0  0    4 240 260 305 199 296  50 -20  20 3.4488 
116   2  66   1   0   0  0  2 2.25   3  73 154 66 162 51 175   0  0    1  77  73 154  66 162  51   4   4 4.0476 
116   2  66   1   0   0  0  1 1.00   4 302 150 55 247 60  65   0  0    2 244 150 302  55 247  60  94  94 3.2412 
116   2  66   1   1   0  0  2 2.25   1 320 97 224 76 271  40   0  0    1 298 320  97 224  76 271 -22  22 3.4580 
116   2  66   1   1   0  0  2 2.25   2 335 187 268 66  1  83   0  0    3 219 268 335 187  66   1 -49  49 3.0162 
116   2  66   1   1   0  0  1 1.00   3 283 346  7 211 137   3   0  0    5 224 137 283 346   7 211  87  87 3.6842 
116   2  66   1   1   0  0  1 1.00   4  42 133 149 360 92 231   0  0    4  35 360  42 133 149  92  35  35 2.5321 
116   2  66   1   1   0  0  1 1.00   5 225 134 84 271 86 219   0  0    4 304 271 225 134  84  86  33  33 5.7559 
116   2  66   1   1   0  0  2 2.25   6 195 324 57 259 38  44   0  0    3  66  57 195 324 259  38   9   9 3.0996 
116   2  66   1   1   0  0  2 2.25   7 213 304 122 182 282  48   0  0    1 258 213 304 122 182 282  45  45 2.8249 
116   2  66   1   1   0  0  1 1.00   8 153 41 158 136 272 122   0  0    5 262 272 153  41 158 136 -10  10 3.0045 
116   2  66   1   1   0  0  2 2.25   9 178 330 118 83 41  47   0  0    5  57  41 178 330 118  83  16  16 2.6131 
116   2  66   1   1   0  0  1 1.00  10 200 93 158 203 336  85   0  0    4 254 203 200  93 158 336  51  51 3.1856 
116   2  66   1   1   0  0  1 1.00  11 246 10 244 79 298 153   0  0    4 295  79 246  10 244 298 -144 144 5.1021 
116   2  66   1   1   0  0  2 2.25  12 315 125 212 226 326  79   0  0    5 277 326 315 125 212 226 -49  49 6.6003 
116   2  66   1   1   0  0  2 2.25  13 188 75 324 207 113 184   0  0    5  63 113 188  75 324 207 -50  50 2.7498 
116   2  66   1   1   0  0  2 2.25  14 147 321 48 216 37 225   0  0    4  18 216 147 321  48  37 162 162 4.6407 
116   2  66   1   1   0  0  1 1.00  15 316 30 133 359 168 303   0  0    2 117  30 316 133 359 168  87  87 3.2736 
116   2  66   1   1   0  0  1 1.00  16  57 42 33 151 317 199   0  0    2  46  42  57  33 151 317   4   4 2.4268 
116   2  66   1   1   0  0  1 1.00  17 360 145 118 141 253 225   0  0    2 149 145 360 118 141 253   4   4 7.1267 
116   2  66   1   1   0  0  2 2.25  18 231 337 294 285 226  65   0  0    1 250 231 337 294 285 226  19  19 4.1741 
116   2  66   1   1   0  0  1 1.00  19  97 70 344 85 213 170   0  0    4 301  85  97  70 344 213 -144 144 2.8982 
116   2  66   1   1   0  0  1 1.00  20 321 212 299 266 285 238   0  0    1 286 321 212 299 266 285 -35  35 2.9151 
116   2  66   1   1   0  0  1 1.00  21 306 315 184 338 210 124   0  0    3 291 184 306 315 338 210 107 107 3.7313 
116   2  66   1   1   0  0  2 2.25  22 108 119 225 235 33 309   0  0    1 108 108 119 225 235  33   0   0 3.9504 
116   2  66   1   1   0  0  2 2.25  23 212 124 117 216  1 133   0  0    4 288 216 212 124 117   1  72  72 3.2487 
116   2  66   1   1   0  0  2 2.25  24  66 313 159 312 181 176   0  0    1  48  66 313 159 312 181 -18  18 2.6079 
116   2  66   1   1   0  0  1 1.00  25  96 354 212 312 93 358   0  0    1  53  96 354 212 312  93 -43  43 3.0363 
116   2  66   1   1   0  0  1 1.00  26 274 190 153 131 280 355   0  0    3  48 153 274 190 131 280 -105 105 5.4928 
116   2  66   1   1   0  0  2 2.25  27 260 43 114 209 140 195   0  0    3  14 114 260  43 209 140 -100 100 3.1594 
116   2  66   1   1   0  0  1 1.00  28 119 209 337 124 314 267   0  0    1 158 119 209 337 124 314  39  39 2.4934 
116   2  66   1   1   0  0  2 2.25  29  50 248 170  1 217 233   0  0    4  48   1  50 248 170 217  47  47 2.8112 
116   2  66   1   1   0  0  2 2.25  30 209 128 202 59 62 231   0  0    3 205 202 209 128  59  62   3   3 4.9961 
116   2  66   1   1   0  0  1 1.00  31 256 260 294 186 73 202   0  0    5  37  73 256 260 294 186 -36  36 3.9106 
116   2  66   1   1   0  0  2 2.25  32 336 44 31 249 212 256   0  0    5  82 212 336  44  31 249 -130 130 3.1303 
116   2  66   1   1   0  0  1 1.00  33  79 82 247 249 219 245   0  0    3 242 247  79  82 249 219  -5   5 3.7216 
116   2  66   1   1   0  0  2 2.25  34 297 77 247 153 107 174   0  0    3 240 247 297  77 153 107  -7   7 3.7168 
116   2  66   1   1   0  0  2 2.25  35 256 145 55 170 329 267   0  0    2 174 145 256  55 170 329  29  29 5.6006 
116   2  66   1   1   0  0  2 2.25  36 327 357 121 276 19 220   0  0    5 354  19 327 357 121 276 -25  25 5.1351 
116   2  66   1   1   0  0  2 2.25  37  91 329 37 334 299 314   0  0    1 227  91 329  37 334 299 136 136 3.3847 
116   2  66   1   1   0  0  2 2.25  38 207 124 276 59 183 185   0  0    2 121 124 207 276  59 183  -3   3 3.2096 
116   2  66   1   1   0  0  1 1.00  39  13 310 343 215 262 282   0  0    2 286 310  13 343 215 262 -24  24 9.9973 
116   2  66   1   1   0  0  2 2.25  40 249 257 78 131 252  14   0  0    4 185 131 249 257  78 252  54  54 4.7349 
116   2  66   1   1   0  0  2 2.25  41 126 343 289 290 214 245   0  0    3 214 289 126 343 290 214 -75  75 3.5771 
116   2  66   1   1   0  0  1 1.00  42 102 172 318 192 47 122   0  0    1 109 102 172 318 192  47   7   7 5.2058 
116   2  66   1   1   0  0  2 2.25  43  56 266 114 161 135 145   0  0    5 178 135  56 266 114 161  43  43 4.1640 
116   2  66   1   1   0  0  1 1.00  44 290 268 96 308 309 109   0  0    3 259  96 290 268 308 309 163 163 3.1528 
116   2  66   1   1   0  0  2 2.25  45 106 237 160 280 63 293   0  0    2 238 237 106 160 280  63   1   1 4.6353 
116   2  66   1   1   0  0  1 1.00  46 102 328 76 71 169  72   0  0    4  55  71 102 328  76 169 -16  16 3.0922 
116   2  66   1   1   0  0  1 1.00  47 126 360 251 227 86 172   0  0    4 240 227 126 360 251  86  13  13 3.0929 
116   2  66   1   1   0  0  1 1.00  48 100 119 314 350 195 163   0  0    3  55 314 100 119 350 195 101 101 3.3334 
116   2  66   1   1   0  0  2 2.25  49 295  2 48 56 229   3   0  0    4  63  56 295   2  48 229   7   7 2.9051 
116   2  66   1   1   0  0  1 1.00  50 148 299 248 68 238 269   0  0    4  64  68 148 299 248 238  -4   4 2.2174 
116   2  66   1   1   0  0  1 1.00  51   6 228 340 120 96 106   0  0    3 317 340   6 228 120  96 -23  23 3.7773 
116   2  66   1   1   0  0  1 1.00  52  25 293 161 33 321 176   0  0    1 321  25 293 161  33 321 -64  64 4.5178 
116   2  66   1   1   0  0  1 1.00  53 256 193 24 339 155  95   0  0    3 252  24 256 193 339 155 -132 132 3.7483 
116   2  66   1   1   0  0  2 2.25  54 332 298 169 115 299 111   0  0    1 340 332 298 169 115 299   8   8 2.5027 
116   2  66   1   1   0  0  1 1.00  55  17 261 350 292 113 163   0  0    3 346 350  17 261 292 113  -4   4 2.4394 
116   2  66   1   1   0  0  2 2.25  56 121 205 225 113 197  68   0  0    1 116 121 205 225 113 197  -5   5 4.1593 
116   2  66   1   1   0  0  2 2.25  57 145 176 12 212 43 267   0  0    5  91  43 145 176  12 212  48  48 2.4167 
116   2  66   1   1   0  0  2 2.25  58 312 176 32 85 342 320   0  0    5 139 342 312 176  32  85 157 157 2.4014 
116   2  66   1   1   0  0  1 1.00  59 297 42 320 236 125  47   0  0    5 224 125 297  42 320 236  99  99 2.0061 
116   2  66   1   1   0  0  1 1.00  60 296 155 277 11 213 267   0  0    5 210 213 296 155 277  11  -3   3 5.8912 
116   2  66   1   1   0  0  1 1.00  61 175 145 113 163 148  78   0  0    5 194 148 175 145 113 163  46  46 4.4488 
116   2  66   1   1   0  0  2 2.25  62 136 275 90 96 257  40   0  0    4 117  96 136 275  90 257  21  21 4.3345 
116   2  66   1   1   0  0  1 1.00  63 344 71 76 279 82 304   0  0    3  68  76 344  71 279  82  -8   8 4.0284 
116   2  66   1   1   0  0  2 2.25  64 160 146 294 43 300 209   0  0    2 173 146 160 294  43 300  27  27 2.9953 
116   2  66   1   1   0  0  2 2.25  65  17 339 102 87 240 121   0  0    1 340  17 339 102  87 240 -37  37 4.2367 
116   2  66   1   1   0  0  1 1.00  66  63 265 177 229 230 216   0  0    4 232 229  63 265 177 230   3   3 3.2700 
116   2  66   1   1   0  0  2 2.25  67 138 301 276 190 112 252   0  0    5 223 112 138 301 276 190 111 111 2.6438 
116   2  66   1   1   0  0  1 1.00  68 139 358 22 341 338 225   0  0    3  10  22 139 358 341 338 -12  12 2.8068 
116   2  66   1   1   0  0  1 1.00  69  57 85 197 102 176  58   0  0    4 113 102  57  85 197 176  11  11 3.8511 
116   2  66   1   1   0  0  2 2.25  70  51 234 294 229 349 331   0  0    4  99 229  51 234 294 349 -130 130 2.7368 
116   2  66   1   1   0  0  2 2.25  71 126 229 314 68 164 329   0  0    4  79  68 126 229 314 164  11  11 4.0204 
116   2  66   1   1   0  0  2 2.25  72 115 178 82 139 241  46   0  0    4  86 139 115 178  82 241 -53  53 3.4513 
116   2  66   1   1   0  0  2 2.25  73 351 81 273 349 138  22   0  0    5  89 138 351  81 273 349 -49  49 4.5214 
116   2  66   1   1   0  0  2 2.25  74 223 228 93 163 117  97   0  0    4 189 163 223 228  93 117  26  26 4.1798 
116   2  66   1   1   0  0  1 1.00  75 151 277  3 136 25 199   0  0    2 257 277 151   3 136  25 -20  20 4.1998 
116   2  66   1   1   0  0  2 2.25  76 263 52 149 259 188  65   0  0    1 264 263  52 149 259 188   1   1 4.4235 
116   2  66   1   1   0  0  1 1.00  77 173 286 295 85 308 287   0  0    4  61  85 173 286 295 308 -24  24 3.6254 
116   2  66   1   1   0  0  1 1.00  78 344 76 188 335 104  92   0  0    5  84 104 344  76 188 335 -20  20 3.2281 
116   2  66   1   1   0  0  2 2.25  79 137 299 282 156 273 327   0  0    3 297 282 137 299 156 273  15  15 5.1718 
116   2  66   1   1   0  0  2 2.25  80 220 234 347 179 273 338   0  0    5 281 273 220 234 347 179   8   8 3.7474 
116   2  66   1   1   0  0  1 1.00  81 115 48 293 170 266 172   0  0    3 331 293 115  48 170 266  38  38 2.8973 
116   2  66   1   1   0  0  1 1.00  82 119 217 235 330 203 240   0  0    2 238 217 119 235 330 203  21  21 3.0343 
116   2  66   1   1   0  0  2 2.25  83  41 44 286 174 65 348   0  0    5  96  65  41  44 286 174  31  31 4.8815 
116   2  66   1   1   0  0  2 2.25  84 296 101 156 358 151 215   0  0    3 175 156 296 101 358 151  19  19 6.5493 
116   2  66   1   1   0  0  1 1.00  85 265 100 295 275 21   7   0  0    2 107 100 265 295 275  21   7   7 3.8321 
116   2  66   1   1   0  0  1 1.00  86 124  6 63 280 274 229   0  0    4 261 280 124   6  63 274 -19  19 3.7465 
116   2  66   1   1   0  0  2 2.25  87 258 117 114 233 45 277   0  0    1 252 258 117 114 233  45  -6   6 4.7491 
116   2  66   1   1   0  0  1 1.00  88 275 127 10 179 220  83   0  0    4 153 179 275 127  10 220 -26  26 4.7619 
116   2  66   1   1   0  0  1 1.00  89  81 339 193 165 152 178   0  0    5  58 152  81 339 193 165 -94  94 2.8300 
116   2  66   1   1   0  0  1 1.00  90 191 154 126 84 10 280   0  0    2 240 154 191 126  84  10  86  86 3.1217 
116   2  66   1   1   0  0  1 1.00  91  25 252 255 87 93 103   0  0    1  24  25 252 255  87  93  -1   1 5.1288 
116   2  66   1   1   0  0  2 2.25  92 344 49 342 88 45 240   0  0    4  59  88 344  49 342  45 -29  29 3.3386 
116   2  66   1   1   0  0  1 1.00  93 205 17 11 91 175 248   0  0    3   7  11 205  17  91 175  -4   4 3.1929 
116   2  66   1   1   0  0  2 2.25  94  47 281 285 215 193   6   0  0    4 356 215  47 281 285 193 141 141 3.4420 
116   2  66   1   1   0  0  1 1.00  95 282 219 328 346 28 194   0  0    2 235 219 282 328 346  28  16  16 4.7081 
116   2  66   1   1   0  0  1 1.00  96 221 134 40 229 83 251   0  0    4 245 229 221 134  40  83  16  16 2.7704 
116   2  66   1   1   0  0  2 2.25  97  72 127 213 247 136 313   0  0    4 232 247  72 127 213 136 -15  15 3.8766 
116   2  66   1   1   0  0  2 2.25  98 307 199 65 318 16 175   0  0    3  67  65 307 199 318  16   2   2 3.8177 
116   2  66   1   1   0  0  2 2.25  99 345 193 230 242 48 220   0  0    2 197 193 345 230 242  48   4   4 3.9128 
116   2  66   1   1   0  0  1 1.00 100 340 346 214 106 70 217   0  0    1  19 340 346 214 106  70  39  39 3.5918 
116   2  66   1   0   1  1  0 1.00   1 120 182 66 202 17 277   2  0    2 198 182 120  66 202  17  16  16 4.9022 
116   2  66   1   0   1  2  0 2.25   2  29 121 234 30 164 236   2  4    4  27  30  29 121 234 164  -3   3 3.3228 
116   2  66   1   0   1  1  0 1.00   3 184 264 163 206 136  36   5  0    5 203 136 184 264 163 206  67  67 3.2451 
116   2  66   1   0   1  2  0 2.25   4 359 202 185 245 38 313   5  2    2 206 202 359 185 245  38   4   4 3.4779 
116   2  66   1   1   1  1  0 1.00   1 266 223 59 107 140  25   5  0    5 110 140 266 223  59 107 -30  30 2.6738 
116   2  66   1   1   1  1  0 1.00   2  24 285 355 86 181 233   2  0    2  94 285  24 355  86 181 169 169 2.5908 
116   2  66   1   1   1  1  0 1.00   3 328 245 252 185 300 244   5  0    5 295 300 328 245 252 185  -5   5 9.1672 
116   2  66   1   1   1  1  0 1.00   4 355 209 72 316 203 347   5  0    5 211 203 355 209  72 316   8   8 4.4257 
116   2  66   1   1   1  2  0 2.25   5 104 80 36 138 139  54   2  5    5 212 139 104  80  36 138  73  73 4.9139 
116   2  66   1   1   1  1  0 1.00   6 219 293 343 323 100 279   2  0    2  88 293 219 343 323 100 155 155 3.8831 
116   2  66   1   1   1  2  0 2.25   7 245 17 30 64 242 170   2  3    3  43  30 245  17  64 242  13  13 2.9300 
116   2  66   1   1   1  2  0 2.25   8 106 126 151 164 323 157   2  3    3 137 151 106 126 164 323 -14  14 4.0079 
116   2  66   1   1   1  2  0 2.25   9 335 217 66  2 102 315   3  5    5 356 102 335 217  66   2 -106 106 3.6413 
116   2  66   1   1   1  1  0 1.00  10 241 21 49 340 319 276   5  0    5 293 319 241  21  49 340 -26  26 4.1106 
116   2  66   1   1   1  1  0 1.00  11 106 73 103 275 333  92   4  0    4 241 275 106  73 103 333 -34  34 4.6247 
116   2  66   1   1   1  2  0 2.25  12  92 345 171 255 128  94   3  5    5 184 128  92 345 171 255  56  56 4.8806 
116   2  66   1   1   1  1  0 1.00  13 262 49 155 137 279 298   3  0    3 167 155 262  49 137 279  12  12 3.5872 
116   2  66   1   1   1  2  0 2.25  14 178 309 310 133 86 134   4  1    1 173 178 309 310 133  86  -5   5 4.7017 
116   2  66   1   1   1  2  0 2.25  15 219 315 290 334 131 218   3  5    5  86 131 219 315 290 334 -45  45 2.2264 
116   2  66   1   1   1  2  0 2.25  16 103 87 131 120 206 193   4  1    1  80 103  87 131 120 206 -23  23 3.8771 
116   2  66   1   1   1  2  0 2.25  17 159 223 44 137 208   5   3  1    1 111 159 223  44 137 208 -48  48 3.0600 
116   2  66   1   1   1  1  0 1.00  18  73 292 92 109 274  98   1  0    1  60  73 292  92 109 274 -13  13 2.4973 
116   2  66   1   1   1  1  0 1.00  19  43 221 123 276 312 147   3  0    3 104 123  43 221 276 312 -19  19 3.9178 
116   2  66   1   1   1  2  0 2.25  20 154 105 148 37 264 136   3  2    2  99 105 154 148  37 264  -6   6 3.3386 
116   2  66   1   1   1  1  0 1.00  21 243 198 267 42 122   1   3  0    3 253 267 243 198  42 122 -14  14 5.7161 
116   2  66   1   1   1  1  0 1.00  22 266 212 208 355 252 295   2  0    2 176 212 266 208 355 252 -36  36 4.5244 
116   2  66   1   1   1  2  0 2.25  23 161 157 337 84 347 230   1  3    3 312 337 161 157  84 347 -25  25 3.3606 
116   2  66   1   1   1  1  0 1.00  24 139 200 35 135 151 285   2  0    2 208 200 139  35 135 151   8   8 4.1376 
116   2  66   1   1   1  1  0 1.00  25 143 304 328 92 297 249   1  0    1 157 143 304 328  92 297  14  14 2.6102 
116   2  66   1   1   1  1  0 1.00  26  73 225 36 263 44 269   5  0    5  75  44  73 225  36 263  31  31 3.1253 
116   2  66   1   1   1  1  0 1.00  27 147 197 227 79 284 121   1  0    1 177 147 197 227  79 284  30  30 4.4958 
116   2  66   1   1   1  2  0 2.25  28 300 78 184 188 240 141   2  5    5 251 240 300  78 184 188  11  11 5.2213 
116   2  66   1   1   1  2  0 2.25  29 293 15 266 163 80 255   4  5    5  85  80 293  15 266 163   5   5 2.5168 
116   2  66   1   1   1  2  0 2.25  30 133 188 233 327 169 298   2  3    3 292 233 133 188 327 169  59  59 3.4671 
116   2  66   1   1   1  1  0 1.00  31 342 332 135 116 177 317   4  0    4 156 116 342 332 135 177  40  40 4.1832 
116   2  66   1   1   1  1  0 1.00  32 161 198  4 206 93 274   2  0    2 201 198 161   4 206  93   3   3 3.0465 
116   2  66   1   1   1  1  0 1.00  33  33 83 58 315 91 200   2  0    2  83  83  33  58 315  91   0   0 3.9084 
116   2  66   1   1   1  2  0 2.25  34 220 217 136 156 215 228   2  3    3 148 136 220 217 156 215  12  12 6.5059 
116   2  66   1   1   1  1  0 1.00  35 306 259 59 37 206  63   2  0    2  56 259 306  59  37 206 157 157 2.5134 
116   2  66   1   1   1  2  0 2.25  36   2 250 325 319 222  18   5  2    2 235 250   2 325 319 222 -15  15 4.8644 
116   2  66   1   1   1  2  0 2.25  37  22 227 247 190 174 311   3  5    5 192 174  22 227 247 190  18  18 6.0229 
116   2  66   1   1   1  1  0 1.00  38 146 261 88 355 133 123   1  0    1 166 146 261  88 355 133  20  20 5.0021 
116   2  66   1   1   1  2  0 2.25  39 123 104  7 164 110 128   2  4    4 171 164 123 104   7 110   7   7 4.7944 
116   2  66   1   1   1  2  0 2.25  40 201 111 15 91 61 344   3  4    4  96  91 201 111  15  61   5   5 3.4917 
116   2  66   1   1   1  2  0 2.25  41 147 273 44 155 150 141   4  5    5 163 150 147 273  44 155  13  13 3.8983 
116   2  66   1   1   1  2  0 2.25  42 284 61 192 228 221 204   4  2    2  77  61 284 192 228 221  16  16 5.2165 
116   2  66   1   1   1  1  0 1.00  43 123 16 253 231 258 259   5  0    5 244 258 123  16 253 231 -14  14 2.6453 
116   2  66   1   1   1  2  0 2.25  44 311 213 219 239 130 120   4  3    3  98 219 311 213 239 130 -121 121 1.9189 
116   2  66   1   1   1  1  0 1.00  45 261 264 78 258 110  32   1  0    1 261 261 264  78 258 110   0   0 7.8266 
116   2  66   1   1   1  1  0 1.00  46 331 256 275 355 164  30   2  0    2 261 256 331 275 355 164   5   5 4.7079 
116   2  66   1   1   1  1  0 1.00  47 187 232 231 324 212 333   3  0    3 231 231 187 232 324 212   0   0 3.5734 
116   2  66   1   1   1  1  0 1.00  48 162 305 141 47 303 158   2  0    2 300 305 162 141  47 303  -5   5 4.9574 
116   2  66   1   1   1  2  0 2.25  49 111 43 78 277 148 233   3  5    5 201 148 111  43  78 277  53  53 2.1038 
116   2  66   1   1   1  1  0 1.00  50 231 358 14 173 339 224   3  0    3  30  14 231 358 173 339  16  16 3.3480 
116   2  66   1   1   1  1  0 1.00  51 131 69 319 126 44 356   4  0    4 172 126 131  69 319  44  46  46 3.1480 
116   2  66   1   1   1  1  0 1.00  52   3 172 13 328 224  34   3  0    3   2  13   3 172 328 224 -11  11 2.3418 
116   2  66   1   1   1  2  0 2.25  53 311 83 76 250 301 127   4  5    5 303 301 311  83  76 250   2   2 6.3316 
116   2  66   1   1   1  2  0 2.25  54 315 328 156 334 264 351   4  2    2 299 328 315 156 334 264 -29  29 5.9578 
116   2  66   1   1   1  2  0 2.25  55 123 103 360 263 132  46   5  2    2  66 103 123 360 263 132 -37  37 5.2631 
116   2  66   1   1   1  1  0 1.00  56  38 150 186 337 85 296   2  0    2 169 150  38 186 337  85  19  19 2.5939 
116   2  66   1   1   1  1  0 1.00  57  72 256 285 64 228 222   2  0    2 236 256  72 285  64 228 -20  20 4.1623 
116   2  66   1   1   1  2  0 2.25  58 312 61 35 11 67  98   5  4    4   4  11 312  61  35  67  -7   7 2.7256 
116   2  66   1   1   1  2  0 2.25  59   3 316 317 192 47  19   4  5    5  60  47   3 316 317 192  13  13 2.5477 
116   2  66   1   1   1  1  0 1.00  60  54 337 200 36 72 230   2  0    2  14 337  54 200  36  72  37  37 2.5342 
116   2  66   1   1   1  2  0 2.25  61 290 160 270 202 159 192   5  4    4 261 202 290 160 270 159  59  59 5.6758 
116   2  66   1   1   1  2  0 2.25  62  25 291 153 39 115 262   3  2    2  81 291  25 153  39 115 150 150 2.4808 
116   2  66   1   1   1  1  0 1.00  63 240 269 75 23 252  33   3  0    3  81  75 240 269  23 252   6   6 3.2860 
116   2  66   1   1   1  2  0 2.25  64 238 48 66 103 346  74   1  4    4  95 103 238  48  66 346  -8   8 2.6449 
116   2  66   1   1   1  1  0 1.00  65 163 327 23 132 204  59   2  0    2  56 327 163  23 132 204  89  89 2.6833 
116   2  66   1   1   1  2  0 2.25  66 314 22 249 305 327  84   1  4    4 292 305 314  22 249 327 -13  13 2.7868 
116   2  66   1   1   1  1  0 1.00  67  15 268 32 143 267 176   4  0    4 191 143  15 268  32 267  48  48 3.4830 
116   2  66   1   1   1  1  0 1.00  68 166 124 72 47 117 288   4  0    4  72  47 166 124  72 117  25  25 3.7351 
116   2  66   1   1   1  1  0 1.00  69 280 181 236 353 98 174   4  0    4   4 353 280 181 236  98  11  11 3.2162 
116   2  66   1   1   1  1  0 1.00  70 308 186 94 309 254  82   5  0    5 243 254 308 186  94 309 -11  11 3.2075 
116   2  66   1   1   1  1  0 1.00  71  28 189 270 221 287  52   5  0    5  37 287  28 189 270 221 110 110 3.5424 
116   2  66   1   1   1  2  0 2.25  72  55 90 104 356 17  89   2  5    5   7  17  55  90 104 356 -10  10 2.4910 
116   2  66   1   1   1  2  0 2.25  73  76 294 99 359 175 179   5  1    1  71  76 294  99 359 175  -5   5 3.8267 
116   2  66   1   1   1  1  0 1.00  74 232 229 214 237 356  71   5  0    5   2 356 232 229 214 237   6   6 6.1924 
116   2  66   1   1   1  2  0 2.25  75  86 318 188 208 172 240   4  2    2  20 318  86 188 208 172  62  62 2.3441 
116   2  66   1   1   1  2  0 2.25  76 142 183 208 194 310 103   5  3    3 244 208 142 183 194 310  36  36 2.5621 
116   2  66   1   1   1  1  0 1.00  77  55 24 321 123 207 294   1  0    1   4  55  24 321 123 207 -51  51 3.1319 
116   2  66   1   1   1  2  0 2.25  78 247 102 296 83 236  71   5  1    1 246 247 102 296  83 236  -1   1 2.4016 
116   2  66   1   1   1  2  0 2.25  79 243 346 314 38 196 132   1  3    3  98 314 243 346  38 196 144 144 3.3008 
116   2  66   1   1   1  1  0 1.00  80 341 14 275 138 286  67   2  0    2 355  14 341 275 138 286 -19  19 3.7838 
116   2  66   1   1   1  2  0 2.25  81 291 320 19 86 77 259   1  2    2 300 320 291  19  86  77 -20  20 4.6667 
116   2  66   1   1   1  2  0 2.25  82 175 239 181 273 66 352   1  2    2 241 239 175 181 273  66   2   2 3.2416 
116   2  66   1   1   1  2  0 2.25  83 166 283 322 15 174 277   1  4    4 357  15 166 283 322 174 -18  18 3.0904 
116   2  66   1   1   1  2  0 2.25  84  38 67 222 219 279 329   2  4    4 193 219  38  67 222 279 -26  26 4.9535 
116   2  66   1   1   1  2  0 2.25  85 349 38 118 191 341 191   5  4    4 204 191 349  38 118 341  13  13 3.4518 
116   2  66   1   1   1  1  0 1.00  86 296 71 165 148 187 142   4  0    4 216 148 296  71 165 187  68  68 3.0166 
116   2  66   1   1   1  1  0 1.00  87 198 171 157 186 125 151   1  0    1 209 198 171 157 186 125  11  11 4.3999 
116   2  66   1   1   1  2  0 2.25  88 203 26 271 248 276  83   5  2    2  10  26 203 271 248 276 -16  16 2.4416 
116   2  66   1   1   1  1  0 1.00  89  52 18 172 59 86 232   3  0    3 194 172  52  18  59  86  22  22 6.2561 
116   2  66   1   1   1  1  0 1.00  90  57 342 50 43 124  88   5  0    5 114 124  57 342  50  43 -10  10 4.4018 
116   2  66   1   1   1  2  0 2.25  91  51 174 31 211 26 188   1  4    4   3 211  51 174  31  26 152 152 2.6589 
116   2  66   1   1   1  1  0 1.00  92  61 103 326 184 119 147   4  0    4 221 184  61 103 326 119  37  37 4.6966 
116   2  66   1   1   1  2  0 2.25  93 239 315 94 117 243 263   4  2    2 356 315 239  94 117 243  41  41 3.5418 
116   2  66   1   1   1  1  0 1.00  94 229 168 337 158 259 128   1  0    1 235 229 168 337 158 259   6   6 6.7110 
116   2  66   1   1   1  2  0 2.25  95  20 56 156 322 115  33   2  3    3 221 156  20  56 322 115  65  65 8.5294 
116   2  66   1   1   1  2  0 2.25  96 191 152 132 39 331  31   5  4    4  11  39 191 152 132 331 -28  28 2.4892 
116   2  66   1   1   1  1  0 1.00  97 206 211 352  1 164 239   1  0    1 222 206 211 352   1 164  16  16 12.2775 
116   2  66   1   1   1  2  0 2.25  98  35 173 113 135 192  89   2  1    1 358  35 173 113 135 192 -37  37 3.7873 
116   2  66   1   1   1  2  0 2.25  99  15 169 133 240 173 142   4  5    5 100 173  15 169 133 240 -73  73 2.3256 
116   2  66   1   1   1  1  0 1.00 100  73 264 87 79 58  85   3  0    3 100  87  73 264  79  58  13  13 4.8169 
