117   2  66   1   0   1  2  0 2.25   1 225 160 29 214 93 132   4  1    1  43 225 160  29 214  93 178 178 5.1099 
117   2  66   1   0   1  1  0 1.00   2  25 139 202 186 143 338   4  0    4 171 186  25 139 202 143 -15  15 3.9428 
117   2  66   1   0   1  1  0 1.00   3 205 267 358 184 312 123   2  0    2 237 267 205 358 184 312 -30  30 3.9517 
117   2  66   1   0   1  2  0 2.25   4 263 221 173 337 241 279   2  1    1 190 263 221 173 337 241 -73  73 5.4510 
117   2  66   1   1   1  2  0 2.25   1 250 281 107 180 111 257   1  5    5 120 111 250 281 107 180   9   9 4.9789 
117   2  66   1   1   1  2  0 2.25   2 355 273 248 39 123 204   4  2    2 236 273 355 248  39 123 -37  37 4.2845 
117   2  66   1   1   1  2  0 2.25   3 113 328 49 315 133 337   2  3    3 157  49 113 328 315 133 108 108 5.3382 
117   2  66   1   1   1  2  0 2.25   4 213 102 350 357 188 219   4  5    5  74 188 213 102 350 357 -114 114 2.8290 
117   2  66   1   1   1  1  0 1.00   5 323 204 302 207 56 102   1  0    1 340 323 204 302 207  56  17  17 2.3477 
117   2  66   1   1   1  1  0 1.00   6 181 103 100 245 155 264   3  0    3 101 100 181 103 245 155   1   1 4.1902 
117   2  66   1   1   1  2  0 2.25   7   4 313 47 276 360 212   4  3    3 322  47   4 313 276 360 -85  85 2.6321 
117   2  66   1   1   1  1  0 1.00   8  50 62  4 230 254 286   1  0    1  58  50  62   4 230 254   8   8 2.9032 
117   2  66   1   1   1  2  0 2.25   9   7 158 135 56 284 354   4  3    3 169 135   7 158  56 284  34  34 2.3178 
117   2  66   1   1   1  2  0 2.25  10 313 167 252 113 312 161   2  1    1 339 313 167 252 113 312  26  26 3.3244 
117   2  66   1   1   1  2  0 2.25  11 280 344 252 86 59  64   3  5    5 345  59 280 344 252  86 -74  74 2.7058 
117   2  66   1   1   1  2  0 2.25  12  45 113 302 145 112 171   4  2    2 104 113  45 302 145 112  -9   9 3.0806 
117   2  66   1   1   1  1  0 1.00  13 115 231 54 160 61 221   2  0    2 226 231 115  54 160  61  -5   5 2.4772 
117   2  66   1   1   1  2  0 2.25  14 107 252 276 131 293 140   4  2    2 247 252 107 276 131 293  -5   5 5.4855 
117   2  66   1   1   1  2  0 2.25  15 147 86 148 28 271  35   5  4    4  13  28 147  86 148 271 -15  15 2.3627 
117   2  66   1   1   1  2  0 2.25  16 334 347 200 268 299 272   1  5    5 300 299 334 347 200 268   1   1 2.4879 
117   2  66   1   1   1  2  0 2.25  17 201 146  4 283  1  46   4  1    1 194 201 146   4 283   1  -7   7 4.0636 
117   2  66   1   1   1  1  0 1.00  18 179 127 200 259 86  78   4  0    4 235 259 179 127 200  86 -24  24 3.1158 
117   2  66   1   1   1  1  0 1.00  19 317 276 246 31 48  62   2  0    2 234 276 317 246  31  48 -42  42 3.6868 
117   2  66   1   1   1  2  0 2.25  20 247 155 227 61 47 202   2  5    5  54  47 247 155 227  61   7   7 3.3652 
117   2  66   1   1   1  1  0 1.00  21  67 250 118 164 51 178   1  0    1  71  67 250 118 164  51   4   4 4.5100 
117   2  66   1   1   1  2  0 2.25  22 354 189 191 208 314 268   2  4    4 221 208 354 189 191 314  13  13 3.0590 
117   2  66   1   1   1  1  0 1.00  23 305 121 161 115 313 292   3  0    3 189 161 305 121 115 313  28  28 5.6081 
117   2  66   1   1   1  2  0 2.25  24 179 281 252 195 302  99   2  5    5 309 302 179 281 252 195   7   7 3.1278 
117   2  66   1   1   1  1  0 1.00  25 341 258 55 247 191 297   2  0    2 230 258 341  55 247 191 -28  28 3.0182 
117   2  66   1   1   1  1  0 1.00  26  20 351 97 319 52 154   2  0    2 345 351  20  97 319  52  -6   6 3.6528 
117   2  66   1   1   1  1  0 1.00  27  29 320 157 292 77 282   5  0    5 121  77  29 320 157 292  44  44 3.8573 
117   2  66   1   1   1  1  0 1.00  28 299 26 35 177 52  85   5  0    5  43  52 299  26  35 177  -9   9 4.1496 
117   2  66   1   1   1  2  0 2.25  29 156 173 143 315 95 193   1  5    5 163  95 156 173 143 315  68  68 3.1135 
117   2  66   1   1   1  2  0 2.25  30 275 229 216  7 170 163   1  3    3 238 216 275 229   7 170  22  22 2.3280 
117   2  66   1   1   1  1  0 1.00  31 272 242 274 31 112  30   4  0    4  15  31 272 242 274 112 -16  16 3.2113 
117   2  66   1   1   1  2  0 2.25  32 215 196 110 209 312  85   3  2    2 214 196 215 110 209 312  18  18 6.2055 
117   2  66   1   1   1  1  0 1.00  33 210 26 293 54 289 280   1  0    1 302 210  26 293  54 289  92  92 4.4092 
117   2  66   1   1   1  2  0 2.25  34 279 47 123 333 133 141   5  4    4 321 333 279  47 123 133 -12  12 5.5462 
117   2  66   1   1   1  2  0 2.25  35 211 97 284 119 124  66   2  5    5 109 124 211  97 284 119 -15  15 3.7326 
117   2  66   1   1   1  2  0 2.25  36 103 234 296 12 154  96   4  3    3 296 296 103 234  12 154   0   0 4.2335 
117   2  66   1   1   1  1  0 1.00  37 218 110 329 284 129  25   1  0    1 230 218 110 329 284 129  12  12 3.7508 
117   2  66   1   1   1  1  0 1.00  38  76 123 272 342 268 334   3  0    3 276 272  76 123 342 268   4   4 6.2071 
117   2  66   1   1   1  1  0 1.00  39 152 261 204 76 336  64   4  0    4 220  76 152 261 204 336 144 144 2.6989 
117   2  66   1   1   1  1  0 1.00  40  57 104 353 13 110 243   2  0    2  89 104  57 353  13 110 -15  15 3.9911 
117   2  66   1   1   1  1  0 1.00  41 285 354 335 106 340 289   3  0    3 331 335 285 354 106 340  -4   4 3.4460 
117   2  66   1   1   1  2  0 2.25  42  69 91 196 173 340 167   2  5    5 338 340  69  91 196 173  -2   2 3.5827 
117   2  66   1   1   1  2  0 2.25  43 179 278 186 83 248 293   3  1    1 305 179 278 186  83 248 126 126 4.7378 
117   2  66   1   1   1  1  0 1.00  44 341 92 255 355 249 299   4  0    4 342 355 341  92 255 249 -13  13 3.6178 
117   2  66   1   1   1  1  0 1.00  45 333 286 279 23 282 353   1  0    1 357 333 286 279  23 282  24  24 2.9837 
117   2  66   1   1   1  1  0 1.00  46  69 162 217 234 291 292   1  0    1  62  69 162 217 234 291  -7   7 4.0637 
117   2  66   1   1   1  2  0 2.25  47 344 330 237 299 66 236   1  5    5  85  66 344 330 237 299  19  19 3.7829 
117   2  66   1   1   1  2  0 2.25  48  16 314 217 59 293 201   1  3    3 237 217  16 314  59 293  20  20 2.5940 
117   2  66   1   1   1  1  0 1.00  49 309 357 245 47 84 233   1  0    1 347 309 357 245  47  84  38  38 6.1143 
117   2  66   1   1   1  2  0 2.25  50 310 302 337 325 156 138   5  1    1 315 310 302 337 325 156   5   5 3.0374 
117   2  66   1   1   1  1  0 1.00  51   5 315 350 29 306 289   4  0    4   4  29   5 315 350 306 -25  25 4.9773 
117   2  66   1   1   1  1  0 1.00  52 246 217 344 28 85 248   3  0    3  16 344 246 217  28  85  32  32 2.4078 
117   2  66   1   1   1  2  0 2.25  53 110 269 52 332 325 327   3  4    4 302 332 110 269  52 325 -30  30 3.3069 
117   2  66   1   1   1  2  0 2.25  54  65 12 182 75 221  37   1  5    5 289 221  65  12 182  75  68  68 4.0252 
117   2  66   1   1   1  1  0 1.00  55 236 219 188 65 30 166   5  0    5  44  30 236 219 188  65  14  14 3.8625 
117   2  66   1   1   1  1  0 1.00  56 287 81 348 221 24 113   2  0    2  88  81 287 348 221  24   7   7 2.7309 
117   2  66   1   1   1  2  0 2.25  57 282 148 254 257 283 224   5  2    2 151 148 282 254 257 283   3   3 3.6811 
117   2  66   1   1   1  2  0 2.25  58 337 310 314 325 347 246   5  1    1 346 337 310 314 325 347   9   9 2.4081 
117   2  66   1   1   1  2  0 2.25  59 210 287 116 267 61 118   2  1    1 159 210 287 116 267  61 -51  51 3.4192 
117   2  66   1   1   1  1  0 1.00  60 164 161 50 38 59 299   5  0    5  64  59 164 161  50  38   5   5 2.8654 
117   2  66   1   1   1  2  0 2.25  61 306 315 130 297 201  33   1  4    4 286 297 306 315 130 201 -11  11 7.9539 
117   2  66   1   1   1  1  0 1.00  62  62 84 100 133 329 165   5  0    5 327 329  62  84 100 133  -2   2 2.6546 
117   2  66   1   1   1  2  0 2.25  63 318 137 166 186 46 290   3  1    1 341 318 137 166 186  46  23  23 3.2393 
117   2  66   1   1   1  1  0 1.00  64  70 247 143 127 106 160   1  0    1 241  70 247 143 127 106 171 171 5.4849 
117   2  66   1   1   1  1  0 1.00  65  26 33 341 172 304 327   5  0    5 286 304  26  33 341 172 -18  18 4.0709 
117   2  66   1   1   1  1  0 1.00  66 355 182  4 147 279 296   3  0    3  27   4 355 182 147 279  23  23 2.8663 
117   2  66   1   1   1  2  0 2.25  67 232 40 301 95 284 203   3  4    4  98  95 232  40 301 284   3   3 4.1703 
117   2  66   1   1   1  2  0 2.25  68 115 10  4 60 46 171   5  2    2 360  10 115   4  60  46 -10  10 2.1168 
117   2  66   1   1   1  2  0 2.25  69 267 93 309 239 73  30   5  2    2  93  93 267 309 239  73   0   0 2.8276 
117   2  66   1   1   1  2  0 2.25  70  42 145 59 276 229  70   4  1    1 150  42 145  59 276 229 108 108 5.6455 
117   2  66   1   1   1  1  0 1.00  71 224 91 42 314 271   8   5  0    5 251 271 224  91  42 314 -20  20 2.9286 
117   2  66   1   1   1  1  0 1.00  72   3 239 122 152 154 165   2  0    2 237 239   3 122 152 154  -2   2 2.8593 
117   2  66   1   1   1  1  0 1.00  73 106 167 304 96 273 158   5  0    5 288 273 106 167 304  96  15  15 5.6487 
117   2  66   1   1   1  1  0 1.00  74  22 58 319 137 213  80   3  0    3 288 319  22  58 137 213 -31  31 3.0198 
117   2  66   1   1   1  2  0 2.25  75 230 55 319 256 306 146   5  4    4 247 256 230  55 319 306  -9   9 3.8455 
117   2  66   1   1   1  1  0 1.00  76 160 354 182 249 199 100   2  0    2 347 354 160 182 249 199  -7   7 2.5376 
117   2  66   1   1   1  2  0 2.25  77 339 317 294 168 84  92   2  5    5 164  84 339 317 294 168  80  80 2.6712 
117   2  66   1   1   1  2  0 2.25  78  99 164 118 14 213 183   4  3    3 106 118  99 164  14 213 -12  12 3.0474 
117   2  66   1   1   1  2  0 2.25  79 106 13 270 137 157 245   4  3    3 334 270 106  13 137 157  64  64 6.0724 
117   2  66   1   1   1  1  0 1.00  80  13 226 339 300 62 156   4  0    4  94 300  13 226 339  62 154 154 3.1137 
117   2  66   1   1   1  1  0 1.00  81 353 321 39 108 220 357   3  0    3  81  39 353 321 108 220  42  42 3.9808 
117   2  66   1   1   1  1  0 1.00  82  68 303 117 41 56  97   4  0    4  95  41  68 303 117  56  54  54 3.2284 
117   2  66   1   1   1  1  0 1.00  83  14 320 190 348 40 324   3  0    3 187 190  14 320 348  40  -3   3 7.2105 
117   2  66   1   1   1  1  0 1.00  84 245 27 152 303 226 309   5  0    5 232 226 245  27 152 303   6   6 2.4693 
117   2  66   1   1   1  1  0 1.00  85 218 197  1 82 207 223   3  0    3 359   1 218 197  82 207  -2   2 3.0105 
117   2  66   1   1   1  1  0 1.00  86  89 56 249 329 215 245   4  0    4 342 329  89  56 249 215  13  13 3.0257 
117   2  66   1   1   1  2  0 2.25  87 248 310 282 307 25 157   3  1    1 242 248 310 282 307  25  -6   6 3.9795 
117   2  66   1   1   1  2  0 2.25  88 121 282 261 257 66 228   1  3    3 246 261 121 282 257  66 -15  15 2.7583 
117   2  66   1   1   1  2  0 2.25  89  72 35 265 231 329  55   4  1    1 348  72  35 265 231 329 -84  84 2.4031 
117   2  66   1   1   1  2  0 2.25  90  95 69 98 193  6 148   4  3    3  99  98  95  69 193   6   1   1 3.0382 
117   2  66   1   1   1  1  0 1.00  91 177 21 274 157 65 253   3  0    3 204 274 177  21 157  65 -70  70 7.9000 
117   2  66   1   1   1  1  0 1.00  92 104 92 246 236 265 143   4  0    4 238 236 104  92 246 265   2   2 4.4425 
117   2  66   1   1   1  1  0 1.00  93 199 176 41 184 137 195   4  0    4  90 184 199 176  41 137 -94  94 6.2148 
117   2  66   1   1   1  2  0 2.25  94 224 316 190 216 295  96   1  3    3 216 190 224 316 216 295  26  26 2.5418 
117   2  66   1   1   1  1  0 1.00  95  69 144 63 179 31  60   4  0    4 221 179  69 144  63  31  42  42 3.8403 
117   2  66   1   1   1  1  0 1.00  96 169 217 145 342 114  19   3  0    3 193 145 169 217 342 114  48  48 3.7093 
117   2  66   1   1   1  2  0 2.25  97 120 35 204 71 166  80   1  3    3 196 204 120  35  71 166  -8   8 3.5310 
117   2  66   1   1   1  2  0 2.25  98  38 219 298  5 220  84   4  3    3 286 298  38 219   5 220 -12  12 7.6161 
117   2  66   1   1   1  2  0 2.25  99 113 28 166 341 249  78   2  3    3 228 166 113  28 341 249  62  62 3.5736 
117   2  66   1   1   1  1  0 1.00 100 303 28 325 69 42 150   4  0    4  92  69 303  28 325  42  23  23 3.5575 
117   2  66   1   0   0  0  1 1.00   1  98 327 286 293 115 233   0  0    5 301 115  98 327 286 293 -174 174 5.8208 
117   2  66   1   0   0  0  2 2.25   2 210 89 39 242 359 302   0  0    2 102  89 210  39 242 359  13  13 2.7697 
117   2  66   1   0   0  0  2 2.25   3 306 200 49 140 266 340   0  0    3  35  49 306 200 140 266 -14  14 2.1480 
117   2  66   1   0   0  0  1 1.00   4 220 242 40 120 22 106   0  0    1 219 220 242  40 120  22  -1   1 3.5556 
117   2  66   1   1   0  0  1 1.00   1 333 168 108 235 215 125   0  0    5 184 215 333 168 108 235 -31  31 3.5099 
117   2  66   1   1   0  0  1 1.00   2  33 273 74 321 155 278   0  0    5 265 155  33 273  74 321 110 110 4.7253 
117   2  66   1   1   0  0  1 1.00   3  19 53 233  1 119 144   0  0    5 350 119  19  53 233   1 -129 129 3.1148 
117   2  66   1   1   0  0  2 2.25   4  49 186 305 272 162 337   0  0    3 308 305  49 186 272 162   3   3 3.1273 
117   2  66   1   1   0  0  2 2.25   5 192 34 340 13 223 335   0  0    5 235 223 192  34 340  13  12  12 3.7871 
117   2  66   1   1   0  0  2 2.25   6 277 58 110 195 47 122   0  0    2  79  58 277 110 195  47  21  21 4.2035 
117   2  66   1   1   0  0  1 1.00   7 298 123  7 28 54 328   0  0    3  31   7 298 123  28  54  24  24 3.4383 
117   2  66   1   1   0  0  1 1.00   8 173 272 325 261 256  53   0  0    4 276 261 173 272 325 256  15  15 5.2565 
117   2  66   1   1   0  0  1 1.00   9 325 59 360 331 27  35   0  0    2 359  59 325 360 331  27 -60  60 2.7360 
117   2  66   1   1   0  0  2 2.25  10  97 353 130 351 295  27   0  0    3 181 130  97 353 351 295  51  51 8.6675 
117   2  66   1   1   0  0  1 1.00  11 276 95 260 206 195 103   0  0    3 255 260 276  95 206 195  -5   5 3.8473 
117   2  66   1   1   0  0  1 1.00  12 279 207 47 214 273 204   0  0    5  68 273 279 207  47 214 155 155 4.7771 
117   2  66   1   1   0  0  2 2.25  13 144 155 157 87 92 101   0  0    2 171 155 144 157  87  92  16  16 4.2810 
117   2  66   1   1   0  0  1 1.00  14 118 306 93 48 155 339   0  0    3  55  93 118 306  48 155 -38  38 4.0090 
117   2  66   1   1   0  0  1 1.00  15 164 278 218 93 11 123   0  0    5 333  11 164 278 218  93 -38  38 2.9639 
117   2  66   1   1   0  0  1 1.00  16 207 314 263 208 108 264   0  0    4 247 208 207 314 263 108  39  39 3.8260 
117   2  66   1   1   0  0  2 2.25  17 191 37 157 72 321  61   0  0    3 111 157 191  37  72 321 -46  46 2.3691 
117   2  66   1   1   0  0  1 1.00  18 352 277 45 144 23 219   0  0    3   7  45 352 277 144  23 -38  38 4.9511 
117   2  66   1   1   0  0  1 1.00  19 250 192 107 132 154 137   0  0    2 197 192 250 107 132 154   5   5 4.7636 
117   2  66   1   1   0  0  2 2.25  20 349 88 319 346 335 339   0  0    4 297 346 349  88 319 335 -49  49 4.8683 
117   2  66   1   1   0  0  2 2.25  21 254 149 195 259 334 301   0  0    3 167 195 254 149 259 334 -28  28 3.6409 
117   2  66   1   1   0  0  2 2.25  22  47 16 186 326 22 154   0  0    4 284 326  47  16 186  22 -42  42 4.4155 
117   2  66   1   1   0  0  1 1.00  23 290 225 293 95 341 138   0  0    2 239 225 290 293  95 341  14  14 2.9940 
117   2  66   1   1   0  0  1 1.00  24  21 186 316 276 229  23   0  0    5 222 229  21 186 316 276  -7   7 2.1109 
117   2  66   1   1   0  0  2 2.25  25 235 211 224  7 216 151   0  0    1 234 235 211 224   7 216  -1   1 4.1163 
117   2  66   1   1   0  0  1 1.00  26 114 89 118 300 213  78   0  0    1  32 114  89 118 300 213 -82  82 5.5602 
117   2  66   1   1   0  0  2 2.25  27 135 306 54 187 273  42   0  0    3  41  54 135 306 187 273 -13  13 2.9761 
117   2  66   1   1   0  0  1 1.00  28 143 53 87 167 359  67   0  0    5 180 359 143  53  87 167 -179 179 5.8374 
117   2  66   1   1   0  0  1 1.00  29 153 204 295 72 49 250   0  0    3 286 295 153 204  72  49  -9   9 4.1090 
117   2  66   1   1   0  0  2 2.25  30 180 343 189 252 250  43   0  0    5 248 250 180 343 189 252  -2   2 4.3764 
117   2  66   1   1   0  0  1 1.00  31  11 196 25 174 138 342   0  0    3  16  25  11 196 174 138  -9   9 3.5643 
117   2  66   1   1   0  0  2 2.25  32 156 37 241 239 299 141   0  0    5 298 299 156  37 241 239  -1   1 4.0942 
117   2  66   1   1   0  0  1 1.00  33 142 259 280 140 305 102   0  0    3 283 280 142 259 140 305   3   3 6.1976 
117   2  66   1   1   0  0  2 2.25  34 172 220 322 315 347 127   0  0    1 246 172 220 322 315 347  74  74 7.2593 
117   2  66   1   1   0  0  1 1.00  35  72 33 18  8 154 149   0  0    2  74  33  72  18   8 154  41  41 4.8089 
117   2  66   1   1   0  0  2 2.25  36 274 41 189 225 238 150   0  0    1 251 274  41 189 225 238 -23  23 4.6074 
117   2  66   1   1   0  0  2 2.25  37  68 156 59 107 276 313   0  0    3  42  59  68 156 107 276 -17  17 6.9261 
117   2  66   1   1   0  0  1 1.00  38 119 174 131 51 213 264   0  0    1 105 119 174 131  51 213 -14  14 3.4012 
117   2  66   1   1   0  0  2 2.25  39 277 326 76 270 47  99   0  0    1 332 277 326  76 270  47  55  55 4.5854 
117   2  66   1   1   0  0  1 1.00  40 177 332 328 130 307  36   0  0    5 172 307 177 332 328 130 -135 135 4.2283 
117   2  66   1   1   0  0  2 2.25  41 317 124  9 90 36 141   0  0    4 310  90 317 124   9  36 -140 140 3.6350 
117   2  66   1   1   0  0  1 1.00  42 117 286 180 15 102 186   0  0    3 199 180 117 286  15 102  19  19 2.8370 
117   2  66   1   1   0  0  1 1.00  43 329 129 198 57 171 294   0  0    1 358 329 129 198  57 171  29  29 4.1678 
117   2  66   1   1   0  0  2 2.25  44 217 276 190 47 58 318   0  0    3 182 190 217 276  47  58  -8   8 4.2565 
117   2  66   1   1   0  0  1 1.00  45 357 22 202 299 188 340   0  0    3 192 202 357  22 299 188 -10  10 4.6731 
117   2  66   1   1   0  0  2 2.25  46 134 121 330 57 306  95   0  0    4  73  57 134 121 330 306  16  16 3.0532 
117   2  66   1   1   0  0  2 2.25  47  53 24 41 100 16 253   0  0    4  32 100  53  24  41  16 -68  68 3.1558 
117   2  66   1   1   0  0  2 2.25  48 280 103 20 184 294 216   0  0    5 341 294 280 103  20 184  47  47 4.0542 
117   2  66   1   1   0  0  2 2.25  49  66 70 27 25 318 228   0  0    1  88  66  70  27  25 318  22  22 3.0038 
117   2  66   1   1   0  0  2 2.25  50  93 61 218 166 205 118   0  0    4 174 166  93  61 218 205   8   8 3.7564 
117   2  66   1   1   0  0  1 1.00  51 215 356 123 62 177 356   0  0    1 111 215 356 123  62 177 -104 104 5.4157 
117   2  66   1   1   0  0  1 1.00  52 103 354 167 164 137  72   0  0    2 350 354 103 167 164 137  -4   4 3.6092 
117   2  66   1   1   0  0  2 2.25  53 259 185 262 89 35 330   0  0    5 118  35 259 185 262  89  83  83 4.2571 
117   2  66   1   1   0  0  2 2.25  54 117 172 33 334 317  14   0  0    4 294 334 117 172  33 317 -40  40 3.7904 
117   2  66   1   1   0  0  1 1.00  55 204 316 13 132 309 114   0  0    3 167  13 204 316 132 309 154 154 3.5783 
117   2  66   1   1   0  0  2 2.25  56 222 50 55 74 301 270   0  0    4 246  74 222  50  55 301 172 172 6.2674 
117   2  66   1   1   0  0  1 1.00  57 277 224 45 242 296 331   0  0    5 243 296 277 224  45 242 -53  53 5.6498 
117   2  66   1   1   0  0  1 1.00  58  47 196 305  3 210 147   0  0    2 204 196  47 305   3 210   8   8 4.3697 
117   2  66   1   1   0  0  2 2.25  59 111 49 236 54 358 132   0  0    2  74  49 111 236  54 358  25  25 3.1782 
117   2  66   1   1   0  0  1 1.00  60  70 146 123 186 208 294   0  0    5 138 208  70 146 123 186 -70  70 3.8393 
117   2  66   1   1   0  0  1 1.00  61 161 108 109 248 231 140   0  0    4 255 248 161 108 109 231   7   7 5.5530 
117   2  66   1   1   0  0  2 2.25  62  89 148 144 308 164 355   0  0    4 283 308  89 148 144 164 -25  25 4.1608 
117   2  66   1   1   0  0  1 1.00  63 192 205 245 137 266 353   0  0    1 211 192 205 245 137 266  19  19 3.3097 
117   2  66   1   1   0  0  2 2.25  64  42 280 219  8 337 213   0  0    4  13   8  42 280 219 337   5   5 4.6579 
117   2  66   1   1   0  0  1 1.00  65  31  4 56 65 265  85   0  0    4 251  65  31   4  56 265 -174 174 3.3141 
117   2  66   1   1   0  0  2 2.25  66  79 172 41 284 115  44   0  0    4 280 284  79 172  41 115  -4   4 3.3984 
117   2  66   1   1   0  0  1 1.00  67 277 177 96 199 45 131   0  0    2 130 177 277  96 199  45 -47  47 4.8346 
117   2  66   1   1   0  0  1 1.00  68   6 297 38 346 68 119   0  0    4   6 346   6 297  38  68  20  20 5.6439 
117   2  66   1   1   0  0  2 2.25  69  10 325 319 350 199 143   0  0    1   9  10 325 319 350 199  -1   1 5.1043 
117   2  66   1   1   0  0  1 1.00  70  21 51 60 357 13  50   0  0    1  12  21  51  60 357  13  -9   9 3.4061 
117   2  66   1   1   0  0  2 2.25  71 246 239 42 186 208 147   0  0    5 186 208 246 239  42 186 -22  22 3.9182 
117   2  66   1   1   0  0  2 2.25  72 229 33 237 10 152  86   0  0    5 194 152 229  33 237  10  42  42 3.6171 
117   2  66   1   1   0  0  2 2.25  73 116 357 49  7 68 182   0  0    4 360   7 116 357  49  68  -7   7 4.2164 
117   2  66   1   1   0  0  1 1.00  74 177 189 313 143 223 208   0  0    3 307 313 177 189 143 223  -6   6 3.1312 
117   2  66   1   1   0  0  1 1.00  75 159 26 102 107 193 339   0  0    2 356  26 159 102 107 193 -30  30 3.1465 
117   2  66   1   1   0  0  2 2.25  76  32 318 80  5 259 234   0  0    1  15  32 318  80   5 259 -17  17 4.0271 
117   2  66   1   1   0  0  2 2.25  77 228 169 242 106 278 244   0  0    3 245 242 228 169 106 278   3   3 4.0179 
117   2  66   1   1   0  0  1 1.00  78 292 38 18 76 192 223   0  0    3  11  18 292  38  76 192  -7   7 3.4203 
117   2  66   1   1   0  0  2 2.25  79 299 266 225 134 118 339   0  0    5 130 118 299 266 225 134  12  12 3.1557 
117   2  66   1   1   0  0  2 2.25  80 242 23 102 156 153 104   0  0    4 201 156 242  23 102 153  45  45 3.7181 
117   2  66   1   1   0  0  2 2.25  81 215 14 200 238 11 247   0  0    2  22  14 215 200 238  11   8   8 3.1293 
117   2  66   1   1   0  0  2 2.25  82 311 257 104 214  3 286   0  0    3 236 104 311 257 214   3 132 132 3.7411 
117   2  66   1   1   0  0  2 2.25  83 274 111 197 329 262 330   0  0    5 270 262 274 111 197 329   8   8 4.5916 
117   2  66   1   1   0  0  1 1.00  84 295 109 129 61 182 360   0  0    5 160 182 295 109 129  61 -22  22 3.7946 
117   2  66   1   1   0  0  2 2.25  85  42 48 313  5 330 343   0  0    1  36  42  48 313   5 330  -6   6 2.8030 
117   2  66   1   1   0  0  2 2.25  86   5 315 18  4 75  92   0  0    5  95  75   5 315  18   4  20  20 2.7479 
117   2  66   1   1   0  0  1 1.00  87  10 205 116 49 50 165   0  0    1 356  10 205 116  49  50 -14  14 2.7709 
117   2  66   1   1   0  0  2 2.25  88 199 209 202 42 260 193   0  0    3 248 202 199 209  42 260  46  46 4.4851 
117   2  66   1   1   0  0  2 2.25  89 218 236 305 129 19 127   0  0    2 242 236 218 305 129  19   6   6 3.4887 
117   2  66   1   1   0  0  1 1.00  90 216 12 247 268 145  73   0  0    4 255 268 216  12 247 145 -13  13 3.2090 
117   2  66   1   1   0  0  1 1.00  91 314 169 304 40 222  84   0  0    3 350 304 314 169  40 222  46  46 4.1567 
117   2  66   1   1   0  0  1 1.00  92 352 296 181 153 301  98   0  0    2 317 296 352 181 153 301  21  21 3.6975 
117   2  66   1   1   0  0  2 2.25  93   1 253 12 304 106  87   0  0    2 247 253   1  12 304 106  -6   6 6.4219 
117   2  66   1   1   0  0  2 2.25  94   8 10 99 246 282 165   0  0    4 247 246   8  10  99 282   1   1 3.4023 
117   2  66   1   1   0  0  2 2.25  95 275 75 12 21 172 102   0  0    4 252  21 275  75  12 172 -129 129 4.0744 
117   2  66   1   1   0  0  1 1.00  96  91 159 331 263 282 133   0  0    3 296 331  91 159 263 282 -35  35 4.8185 
117   2  66   1   1   0  0  1 1.00  97  44 147 307 306 30 270   0  0    3 294 307  44 147 306  30 -13  13 2.3486 
117   2  66   1   1   0  0  2 2.25  98 232 282 355 49 267  86   0  0    1 226 232 282 355  49 267  -6   6 3.8326 
117   2  66   1   1   0  0  1 1.00  99   7 65 299 13 220  70   0  0    1   7   7  65 299  13 220   0   0 2.3791 
117   2  66   1   1   0  0  1 1.00 100 270 210 351 42 205 191   0  0    2 206 210 270 351  42 205  -4   4 2.6971 
