119   2  65   1   0   1  1  0 1.00   1 162 196 279 10 68  61   5  0    5  59  68 162 196 279  10  -9   9 4.2506 
119   2  65   1   0   1  2  0 2.25   2 244 189 299 326 202  49   3  5    5 257 202 244 189 299 326  55  55 5.9848 
119   2  65   1   0   1  1  0 1.00   3 298 311 163 146 91 228   3  0    3  23 163 298 311 146  91 -140 140 5.8620 
119   2  65   1   0   1  2  0 2.25   4  45 94 248 88 332 353   4  3    3 174 248  45  94  88 332 -74  74 7.1553 
119   2  65   1   1   1  1  0 1.00   1 225 220 221 188 153  79   4  0    4 212 188 225 220 221 153  24  24 2.3216 
119   2  65   1   1   1  1  0 1.00   2  95 323 129 25 31 119   3  0    3 121 129  95 323  25  31  -8   8 2.1168 
119   2  65   1   1   1  1  0 1.00   3 141 233 172 47 34 354   2  0    2 108 233 141 172  47  34 -125 125 2.3284 
119   2  65   1   1   1  1  0 1.00   4 327  9 16 298 281  20   3  0    3 341  16 327   9 298 281 -35  35 2.4596 
119   2  65   1   1   1  2  0 2.25   5 252 155 266 116 103 285   1  5    5 117 103 252 155 266 116  14  14 3.8362 
119   2  65   1   1   1  2  0 2.25   6 290 279 128 79 134 355   1  4    4 112  79 290 279 128 134  33  33 3.7410 
119   2  65   1   1   1  1  0 1.00   7 317 76 249 281 245 235   3  0    3 243 249 317  76 281 245  -6   6 1.9101 
119   2  65   1   1   1  2  0 2.25   8 139 136 284 289 277 327   2  5    5 227 277 139 136 284 289 -50  50 6.9735 
119   2  65   1   1   1  1  0 1.00   9 133 168 264 130 303 278   2  0    2 255 168 133 264 130 303  87  87 6.6338 
119   2  65   1   1   1  1  0 1.00  10 283 262 99 27 305  52   3  0    3 113  99 283 262  27 305  14  14 1.8363 
119   2  65   1   1   1  1  0 1.00  11 167 72 162 206  2  25   3  0    3 162 162 167  72 206   2   0   0 1.7155 
119   2  65   1   1   1  2  0 2.25  12 263 68 321 166 185 316   4  2    2  78  68 263 321 166 185  10  10 2.1388 
119   2  65   1   1   1  2  0 2.25  13 334 24 329 118 265  97   4  3    3 320 329 334  24 118 265  -9   9 1.9289 
119   2  65   1   1   1  2  0 2.25  14 148 344 247 350 260 149   2  4    4 359 350 148 344 247 260   9   9 2.3038 
119   2  65   1   1   1  1  0 1.00  15 348 270 67 156 179 284   1  0    1 346 348 270  67 156 179  -2   2 1.9958 
119   2  65   1   1   1  1  0 1.00  16 128 193 359 343  8  56   2  0    2  56 193 128 359 343   8 -137 137 5.4208 
119   2  65   1   1   1  1  0 1.00  17 267 290 213 197 64 208   2  0    2 184 290 267 213 197  64 -106 106 2.2567 
119   2  65   1   1   1  1  0 1.00  18 178 58 257 214 89 170   4  0    4 229 214 178  58 257  89  15  15 1.7269 
119   2  65   1   1   1  2  0 2.25  19  62 351  2 180 296 332   4  5    5 135 296  62 351   2 180 -161 161 4.5179 
119   2  65   1   1   1  1  0 1.00  20 117 332 195 227 131 220   1  0    1 125 117 332 195 227 131   8   8 1.6636 
119   2  65   1   1   1  1  0 1.00  21 317 61 224 221 359 350   1  0    1 303 317  61 224 221 359 -14  14 5.1662 
119   2  65   1   1   1  1  0 1.00  22 160 28 254 93 250  26   5  0    5 246 250 160  28 254  93  -4   4 1.9012 
119   2  65   1   1   1  1  0 1.00  23 166 98 271 95 347 234   4  0    4 192  95 166  98 271 347  97  97 3.7375 
119   2  65   1   1   1  1  0 1.00  24  24 285 90 334 125 123   2  0    2 281 285  24  90 334 125  -4   4 1.6667 
119   2  65   1   1   1  1  0 1.00  25 157 101 69 308 354 198   3  0    3  60  69 157 101 308 354  -9   9 2.9527 
119   2  65   1   1   1  2  0 2.25  26 141 303 31 331 73 258   3  4    4 316 331 141 303  31  73 -15  15 3.0331 
119   2  65   1   1   1  2  0 2.25  27  82 48 258 35 212 308   4  5    5 194 212  82  48 258  35 -18  18 3.2588 
119   2  65   1   1   1  2  0 2.25  28 327 323 304 34 47 106   1  3    3 280 304 327 323  34  47 -24  24 2.2990 
119   2  65   1   1   1  1  0 1.00  29 332 308 12 159 234 336   4  0    4 137 159 332 308  12 234 -22  22 3.4948 
119   2  65   1   1   1  1  0 1.00  30 319 144  4 35 323 329   1  0    1 315 319 144   4  35 323  -4   4 1.4503 
119   2  65   1   1   1  1  0 1.00  31 358 116 206 105 118  76   3  0    3 180 206 358 116 105 118 -26  26 1.6013 
119   2  65   1   1   1  2  0 2.25  32 123 16 134 103 79  51   5  4    4  89 103 123  16 134  79 -14  14 4.5892 
119   2  65   1   1   1  2  0 2.25  33 154 264 293 337 100 184   2  3    3 234 293 154 264 337 100 -59  59 7.3905 
119   2  65   1   1   1  1  0 1.00  34 186 357 244 52 161 184   4  0    4  52  52 186 357 244 161   0   0 1.7456 
119   2  65   1   1   1  1  0 1.00  35  94 91 274 86 103  94   5  0    5 109 103  94  91 274  86   6   6 4.8448 
119   2  65   1   1   1  2  0 2.25  36 309 12 180 272 299 288   5  2    2 357  12 309 180 272 299 -15  15 2.2281 
119   2  65   1   1   1  2  0 2.25  37 322 98 55 94 210 360   2  3    3 228  55 322  98  94 210 173 173 7.5025 
119   2  65   1   1   1  2  0 2.25  38 276 242 175 73 16 222   1  4    4 248  73 276 242 175  16 175 175 2.0247 
119   2  65   1   1   1  2  0 2.25  39 116 345 170  3 355 222   3  1    1 111 116 345 170   3 355  -5   5 2.4837 
119   2  65   1   1   1  2  0 2.25  40  35 350 283 194 202  11   3  2    2 175 350  35 283 194 202 -175 175 2.3393 
119   2  65   1   1   1  2  0 2.25  41 143 266 116 262 131 140   2  5    5 179 131 143 266 116 262  48  48 9.7049 
119   2  65   1   1   1  2  0 2.25  42  66 103 113 215 47 260   5  4    4 236 215  66 103 113  47  21  21 2.2408 
119   2  65   1   1   1  1  0 1.00  43 109 48 79 23 358 351   3  0    3  62  79 109  48  23 358 -17  17 2.1116 
119   2  65   1   1   1  2  0 2.25  44  79 47 229 291 82  28   4  2    2  38  47  79 229 291  82  -9   9 1.4790 
119   2  65   1   1   1  1  0 1.00  45 134 142  4 324 176  33   5  0    5 285 176 134 142   4 324 109 109 2.5574 
119   2  65   1   1   1  1  0 1.00  46 170 292 337 195 132 212   2  0    2 222 292 170 337 195 132 -70  70 2.9831 
119   2  65   1   1   1  1  0 1.00  47 191 156 302 104 163 344   4  0    4  89 104 191 156 302 163 -15  15 1.7830 
119   2  65   1   1   1  2  0 2.25  48 173 194 70 51 174 287   4  2    2 172 194 173  70  51 174 -22  22 1.7315 
119   2  65   1   1   1  2  0 2.25  49 296 264 208 162 181 216   4  1    1 216 296 264 208 162 181 -80  80 3.1388 
119   2  65   1   1   1  2  0 2.25  50 231 140 224 283 18  51   3  2    2  13 140 231 224 283  18 -127 127 4.7196 
119   2  65   1   1   1  1  0 1.00  51  56 77 147  2 114 189   3  0    3 192 147  56  77   2 114  45  45 2.3350 
119   2  65   1   1   1  2  0 2.25  52 286 95 338 335 181 327   5  4    4 346 335 286  95 338 181  11  11 1.6529 
119   2  65   1   1   1  1  0 1.00  53 105 129 28 78 256 323   4  0    4  40  78 105 129  28 256 -38  38 2.7316 
119   2  65   1   1   1  2  0 2.25  54 302 242 276 228 308  50   1  3    3 233 276 302 242 228 308 -43  43 4.2017 
119   2  65   1   1   1  2  0 2.25  55 228 32 85 316 225 293   1  3    3  74  85 228  32 316 225 -11  11 1.7068 
119   2  65   1   1   1  2  0 2.25  56 304 290 15 129 43 356   1  4    4 105 129 304 290  15  43 -24  24 2.0027 
119   2  65   1   1   1  1  0 1.00  57 337 260 125 212 162  64   1  0    1 330 337 260 125 212 162  -7   7 2.6350 
119   2  65   1   1   1  1  0 1.00  58 332 220 22 43 182 157   1  0    1 222 332 220  22  43 182 -110 110 2.1054 
119   2  65   1   1   1  2  0 2.25  59 360 280 45 343 323 113   3  5    5 324 323 360 280  45 343   1   1 3.7768 
119   2  65   1   1   1  1  0 1.00  60  20 92 180 182 302 244   1  0    1  15  20  92 180 182 302  -5   5 2.2646 
119   2  65   1   1   1  2  0 2.25  61 170 227 37 250 160 100   3  5    5 199 160 170 227  37 250  39  39 3.7938 
119   2  65   1   1   1  1  0 1.00  62 306 145 276 144 277 195   1  0    1 319 306 145 276 144 277  13  13 2.2969 
119   2  65   1   1   1  2  0 2.25  63 223 257 191 195 145  11   1  4    4 126 195 223 257 191 145 -69  69 2.5128 
119   2  65   1   1   1  1  0 1.00  64 258 141 313 91 140 173   1  0    1 217 258 141 313  91 140 -41  41 2.2606 
119   2  65   1   1   1  2  0 2.25  65 344  1 95 129 359 347   3  2    2  40   1 344  95 129 359  39  39 4.8378 
119   2  65   1   1   1  2  0 2.25  66  34 196 36  5 360  12   3  2    2 181 196  34  36   5 360 -15  15 2.3330 
119   2  65   1   1   1  2  0 2.25  67 153 318 309  7 16 104   5  3    3 308 309 153 318   7  16  -1   1 2.2669 
119   2  65   1   1   1  2  0 2.25  68 235 93 284 234 29  29   2  1    1 197 235  93 284 234  29 -38  38 1.8434 
119   2  65   1   1   1  1  0 1.00  69 195 234 179 17 334 225   3  0    3 360 179 195 234  17 334 -179 179 4.5467 
119   2  65   1   1   1  1  0 1.00  70 154 256 101 109 14 279   2  0    2 303 256 154 101 109  14  47  47 2.1708 
119   2  65   1   1   1  2  0 2.25  71 147 19 229 103 14  92   2  5    5  11  14 147  19 229 103  -3   3 2.4555 
119   2  65   1   1   1  2  0 2.25  72  41 138 253 310 59 176   1  2    2 159 138  41 253 310  59  21  21 4.6566 
119   2  65   1   1   1  2  0 2.25  73 190 229 168  8 203 354   1  3    3  89 168 190 229   8 203 -79  79 1.9433 
119   2  65   1   1   1  2  0 2.25  74 330 329 190 82 106  32   4  1    1 304 330 329 190  82 106 -26  26 2.3735 
119   2  65   1   1   1  2  0 2.25  75 299 301 332 209 116 130   5  3    3 188 332 299 301 209 116 -144 144 1.7781 
119   2  65   1   1   1  1  0 1.00  76 316 218 67 128 152   1   1  0    1  78 316 218  67 128 152 122 122 2.1230 
119   2  65   1   1   1  1  0 1.00  77  11 179 295 126 314 347   2  0    2 182 179  11 295 126 314   3   3 3.8785 
119   2  65   1   1   1  2  0 2.25  78 137 59 258 114 171 157   4  1    1 180 137  59 258 114 171  43  43 1.8535 
119   2  65   1   1   1  1  0 1.00  79  98 204 299 111 80 150   5  0    5  60  80  98 204 299 111 -20  20 2.1719 
119   2  65   1   1   1  1  0 1.00  80  48 53 113 34 351 165   5  0    5  56 351  48  53 113  34  65  65 4.2373 
119   2  65   1   1   1  2  0 2.25  81 211 280 195 277 252 165   3  2    2 219 280 211 195 277 252 -61  61 3.4691 
119   2  65   1   1   1  1  0 1.00  82 207 347 143 227 76 286   4  0    4 159 227 207 347 143  76 -68  68 2.5212 
119   2  65   1   1   1  2  0 2.25  83 329 229 96 321 289 105   3  2    2 236 229 329  96 321 289   7   7 2.1836 
119   2  65   1   1   1  1  0 1.00  84  96 116 33 153 230  88   5  0    5  99 230  96 116  33 153 -131 131 2.2323 
119   2  65   1   1   1  2  0 2.25  85  36 49 41 350 17 170   2  5    5  19  17  36  49  41 350   2   2 2.6823 
119   2  65   1   1   1  1  0 1.00  86 153 131 185 339 106 257   3  0    3 120 185 153 131 339 106 -65  65 2.2632 
119   2  65   1   1   1  2  0 2.25  87 129 248 235 153 159 239   2  4    4 165 153 129 248 235 159  12  12 3.7045 
119   2  65   1   1   1  1  0 1.00  88  67 303 238 227 122 218   2  0    2 233 303  67 238 227 122 -70  70 2.3230 
119   2  65   1   1   1  2  0 2.25  89 167 282 314 191 241 197   1  5    5 229 241 167 282 314 191 -12  12 2.6176 
119   2  65   1   1   1  2  0 2.25  90 291 332 129 238 268 165   4  5    5 244 268 291 332 129 238 -24  24 3.8037 
119   2  65   1   1   1  1  0 1.00  91 234 95 348 78 232 255   2  0    2  76  95 234 348  78 232 -19  19 4.5540 
119   2  65   1   1   1  1  0 1.00  92 330 232 70 77 326 319   2  0    2 240 232 330  70  77 326   8   8 2.8656 
119   2  65   1   1   1  1  0 1.00  93  40 146 194 147 53  97   5  0    5  42  53  40 146 194 147 -11  11 2.3111 
119   2  65   1   1   1  2  0 2.25  94 111 288  1 90 277 173   3  4    4  77  90 111 288   1 277 -13  13 2.0862 
119   2  65   1   1   1  1  0 1.00  95  15 278 198 178 157 261   3  0    3 184 198  15 278 178 157 -14  14 6.4510 
119   2  65   1   1   1  1  0 1.00  96 299 269 159 293 179 104   1  0    1 286 299 269 159 293 179 -13  13 3.5731 
119   2  65   1   1   1  2  0 2.25  97 141 33 121 170 120 140   4  3    3 113 121 141  33 170 120  -8   8 2.1364 
119   2  65   1   1   1  2  0 2.25  98 138 37 206 12 57 135   3  2    2  91  37 138 206  12  57  54  54 2.3585 
119   2  65   1   1   1  1  0 1.00  99 294 69 200 356 268 313   3  0    3 224 200 294  69 356 268  24  24 4.0164 
119   2  65   1   1   1  2  0 2.25 100 146 212 82 56 341  20   4  3    3  60  82 146 212  56 341 -22  22 2.6178 
119   2  65   1   0   0  0  1 1.00   1 159 203 229 29 40 325   0  0    2 115 203 159 229  29  40 -88  88 46.7508 
119   2  65   1   0   0  0  2 2.25   2 207 308 287 249 20 213   0  0    1 258 207 308 287 249  20  51  51 21.0512 
119   2  65   1   0   0  0  2 2.25   3  10 140 347 13 176 109   0  0    4 157  13  10 140 347 176 144 144 10.9272 
119   2  65   1   0   0  0  1 1.00   4 320 331 334 269 228 150   0  0    3 349 334 320 331 269 228  15  15 3.4699 
119   2  65   1   1   0  0  1 1.00   1 351 111 195 280 189  53   0  0    5 253 189 351 111 195 280  64  64 3.7992 
119   2  65   1   1   0  0  1 1.00   2  55 253 307 121 42 187   0  0    5 345  42  55 253 307 121 -57  57 2.9230 
119   2  65   1   1   0  0  1 1.00   3 231 253 153 198 352  44   0  0    3 239 153 231 253 198 352  86  86 3.4025 
119   2  65   1   1   0  0  2 2.25   4 315 231 293 92 218 344   0  0    3 113 293 315 231  92 218 180 180 10.1704 
119   2  65   1   1   0  0  1 1.00   5 255 144 45 339 152 343   0  0    1 341 255 144  45 339 152  86  86 3.8405 
119   2  65   1   1   0  0  1 1.00   6  87 138 120 247 164 305   0  0    2 318 138  87 120 247 164 180 180 3.3623 
119   2  65   1   1   0  0  2 2.25   7 301 191  1 155 152 205   0  0    3 349   1 301 191 155 152 -12  12 5.4923 
119   2  65   1   1   0  0  2 2.25   8 322 202 268 270 286  17   0  0    4 269 270 322 202 268 286  -1   1 7.4388 
119   2  65   1   1   0  0  1 1.00   9 190 179 141 299 333 221   0  0    1 176 190 179 141 299 333 -14  14 3.5966 
119   2  65   1   1   0  0  2 2.25  10  27 94 169 287 326 195   0  0    1  69  27  94 169 287 326  42  42 3.1252 
119   2  65   1   1   0  0  1 1.00  11 338 154 253 45 17  55   0  0    1 356 338 154 253  45  17  18  18 4.7004 
119   2  65   1   1   0  0  2 2.25  12 241 283 67 290 231  60   0  0    2 324 283 241  67 290 231  41  41 4.4638 
119   2  65   1   1   0  0  1 1.00  13 195 262 200 10 126  94   0  0    4 230  10 195 262 200 126 -140 140 3.8082 
119   2  65   1   1   0  0  2 2.25  14 347 97 282 254 236  76   0  0    1 321 347  97 282 254 236 -26  26 5.7118 
119   2  65   1   1   0  0  2 2.25  15 258 247 48 33 186 177   0  0    3  81  48 258 247  33 186  33  33 6.6174 
119   2  65   1   1   0  0  2 2.25  16 160 192 28 30 186  91   0  0    4  60  30 160 192  28 186  30  30 4.0860 
119   2  65   1   1   0  0  1 1.00  17 101 275 145 212 47 105   0  0    3 133 145 101 275 212  47 -12  12 7.9573 
119   2  65   1   1   0  0  1 1.00  18 107 277 46 174 160  82   0  0    1 117 107 277  46 174 160  10  10 3.2779 
119   2  65   1   1   0  0  2 2.25  19 357 80 60 153 117 216   0  0    4  65 153 357  80  60 117 -88  88 4.1396 
119   2  65   1   1   0  0  2 2.25  20 248 85 71 93 340 234   0  0    2 233  85 248  71  93 340 148 148 2.5816 
119   2  65   1   1   0  0  1 1.00  21 164 271 155 277 252 174   0  0    1  67 164 271 155 277 252 -97  97 7.1712 
119   2  65   1   1   0  0  1 1.00  22 278 292 177 231 150 306   0  0    3 251 177 278 292 231 150  74  74 5.5399 
119   2  65   1   1   0  0  2 2.25  23 122 230 232 40 10 240   0  0    5   5  10 122 230 232  40  -5   5 2.9965 
119   2  65   1   1   0  0  2 2.25  24   6 315 89 109 25 328   0  0    1 246   6 315  89 109  25 -120 120 2.7097 
119   2  65   1   1   0  0  1 1.00  25 234 25  7 156  8 203   0  0    2 239  25 234   7 156   8 -146 146 4.2381 
119   2  65   1   1   0  0  2 2.25  26 215 344 200 165 64  17   0  0    1 251 215 344 200 165  64  36  36 8.0120 
119   2  65   1   1   0  0  1 1.00  27  94 359  6 19 216 190   0  0    5 233 216  94 359   6  19  17  17 4.0905 
119   2  65   1   1   0  0  1 1.00  28 281 246 216 40 239 209   0  0    1 105 281 246 216  40 239 -176 176 4.3859 
119   2  65   1   1   0  0  1 1.00  29 299 34 36 47 283 283   0  0    4  35  47 299  34  36 283 -12  12 2.1891 
119   2  65   1   1   0  0  2 2.25  30 249 265 277 27 174 350   0  0    2 237 265 249 277  27 174 -28  28 4.6632 
119   2  65   1   1   0  0  2 2.25  31 336 29 71 118 320 198   0  0    2 235  29 336  71 118 320 -154 154 2.9401 
119   2  65   1   1   0  0  1 1.00  32  74 342 284 123 96  38   0  0    3 247 284  74 342 123  96 -37  37 6.4986 
119   2  65   1   1   0  0  2 2.25  33  33 208 312 29 226 225   0  0    2 177 208  33 312  29 226 -31  31 3.7881 
119   2  65   1   1   0  0  2 2.25  34 340 105 297 14 106 307   0  0    4 352  14 340 105 297 106 -22  22 3.4365 
119   2  65   1   1   0  0  2 2.25  35 150 190 34 317 85 281   0  0    2 289 190 150  34 317  85  99  99 4.8113 
119   2  65   1   1   0  0  1 1.00  36  73 128 358 320 153  51   0  0    4 242 320  73 128 358 153 -78  78 4.7813 
119   2  65   1   1   0  0  1 1.00  37 309 332 206 224 173  13   0  0    3 104 206 309 332 224 173 -102 102 9.0164 
119   2  65   1   1   0  0  1 1.00  38  83 136 65 183 49 172   0  0    5  41  49  83 136  65 183  -8   8 3.3739 
119   2  65   1   1   0  0  1 1.00  39 146 184 342 111 329  49   0  0    5 321 329 146 184 342 111  -8   8 5.9867 
119   2  65   1   1   0  0  1 1.00  40 125 105 152 192 121 244   0  0    4 231 192 125 105 152 121  39  39 4.4521 
119   2  65   1   1   0  0  1 1.00  41  30 297  3 50 18 355   0  0    2 318 297  30   3  50  18  21  21 3.9485 
119   2  65   1   1   0  0  1 1.00  42 165 11 93 184 123  85   0  0    4 232 184 165  11  93 123  48  48 3.8101 
119   2  65   1   1   0  0  2 2.25  43 259 69 347 186 191  28   0  0    1 330 259  69 347 186 191  71  71 2.9699 
119   2  65   1   1   0  0  2 2.25  44  64 210 322 319 269 159   0  0    4 201 319  64 210 322 269 -118 118 2.8599 
119   2  65   1   1   0  0  2 2.25  45 298 125 10 43 63 283   0  0    5  86  63 298 125  10  43  23  23 6.5625 
119   2  65   1   1   0  0  2 2.25  46 223 36 126 250 237 337   0  0    2  35  36 223 126 250 237  -1   1 2.7932 
119   2  65   1   1   0  0  1 1.00  47  84 68 39 316 232 196   0  0    5 183 232  84  68  39 316 -49  49 9.5018 
119   2  65   1   1   0  0  2 2.25  48  94 223 162 43 290  45   0  0    5 205 290  94 223 162  43 -85  85 3.5802 
119   2  65   1   1   0  0  2 2.25  49 359 342 196 25 246 173   0  0    2 313 342 359 196  25 246 -29  29 4.6854 
119   2  65   1   1   0  0  1 1.00  50  41 264 358 223 175  78   0  0    3 169 358  41 264 223 175 171 171 2.7401 
119   2  65   1   1   0  0  1 1.00  51 354 267 320 65 230  44   0  0    2 242 267 354 320  65 230 -25  25 3.6172 
119   2  65   1   1   0  0  1 1.00  52  54 254  4 11 272 170   0  0    3 230   4  54 254  11 272 -134 134 2.6599 
119   2  65   1   1   0  0  2 2.25  53 181 173 25 82 221 315   0  0    1  28 181 173  25  82 221 -153 153 3.2268 
119   2  65   1   1   0  0  1 1.00  54  64 262 132 148 55 328   0  0    5  28  55  64 262 132 148 -27  27 5.7898 
119   2  65   1   1   0  0  1 1.00  55 321 339 48 276 246  47   0  0    2 350 339 321  48 276 246  11  11 4.4555 
119   2  65   1   1   0  0  2 2.25  56 359 21 148 226 187 240   0  0    5  71 187 359  21 148 226 -116 116 2.2925 
119   2  65   1   1   0  0  1 1.00  57 353 339 200 92 24 284   0  0    3 198 200 353 339  92  24  -2   2 3.7979 
119   2  65   1   1   0  0  2 2.25  58 228 67 329 340 330 299   0  0    2  38  67 228 329 340 330 -29  29 2.4303 
119   2  65   1   1   0  0  2 2.25  59 181 29 55 144 325  91   0  0    1 195 181  29  55 144 325  14  14 5.3428 
119   2  65   1   1   0  0  2 2.25  60 163 92 86 238 166 347   0  0    3 113  86 163  92 238 166  27  27 3.8715 
119   2  65   1   1   0  0  2 2.25  61  39 239 80 62 248 176   0  0    3  71  80  39 239  62 248  -9   9 6.9244 
119   2  65   1   1   0  0  1 1.00  62  27 190 313 255 147  62   0  0    4 234 255  27 190 313 147 -21  21 2.8475 
119   2  65   1   1   0  0  1 1.00  63 229 146 342 119 64 352   0  0    3 344 342 229 146 119  64   2   2 3.4583 
119   2  65   1   1   0  0  2 2.25  64 309 218 98 162 355 281   0  0    2 241 218 309  98 162 355  23  23 2.8404 
119   2  65   1   1   0  0  2 2.25  65 152 190 313 144 180 167   0  0    2 168 190 152 313 144 180 -22  22 6.5997 
119   2  65   1   1   0  0  1 1.00  66  38 213 325 57 197  99   0  0    3  99 325  38 213  57 197 134 134 3.6007 
119   2  65   1   1   0  0  2 2.25  67  21 272 135 11 328  22   0  0    3  54 135  21 272  11 328 -81  81 2.9125 
119   2  65   1   1   0  0  2 2.25  68 123 126 159 263 79  70   0  0    4 216 263 123 126 159  79 -47  47 2.4053 
119   2  65   1   1   0  0  2 2.25  69 289 121 223 173 157  95   0  0    4 262 173 289 121 223 157  89  89 5.2703 
119   2  65   1   1   0  0  1 1.00  70 359 293 83 115  4 116   0  0    5 350   4 359 293  83 115 -14  14 2.6772 
119   2  65   1   1   0  0  2 2.25  71  89 107 24 120 108 199   0  0    4 124 120  89 107  24 108   4   4 4.4355 
119   2  65   1   1   0  0  1 1.00  72 288 74 53 339 223 296   0  0    2  64  74 288  53 339 223 -10  10 8.7804 
119   2  65   1   1   0  0  1 1.00  73 221  9 25 230 51  16   0  0    4 242 230 221   9  25  51  12  12 4.1554 
119   2  65   1   1   0  0  2 2.25  74 334 133 132 104 269 339   0  0    5 236 269 334 133 132 104 -33  33 3.9087 
119   2  65   1   1   0  0  2 2.25  75 233 188 24 122 14  80   0  0    4 220 122 233 188  24  14  98  98 5.9682 
119   2  65   1   1   0  0  2 2.25  76 211 287 259 19 301 295   0  0    1 348 211 287 259  19 301 137 137 5.3902 
119   2  65   1   1   0  0  2 2.25  77 289 178 64 132 37  98   0  0    1  61 289 178  64 132  37 132 132 2.6690 
119   2  65   1   1   0  0  2 2.25  78 162 274 157 27 115  89   0  0    1 186 162 274 157  27 115  24  24 3.2432 
119   2  65   1   1   0  0  1 1.00  79  93 333 69 214 47 163   0  0    1 110  93 333  69 214  47  17  17 2.4216 
119   2  65   1   1   0  0  1 1.00  80 128 56 268 96 121  37   0  0    2 200  56 128 268  96 121 144 144 4.3775 
119   2  65   1   1   0  0  2 2.25  81 284 220 86 44 271 148   0  0    2 221 220 284  86  44 271   1   1 4.1539 
119   2  65   1   1   0  0  2 2.25  82  75 29 163 290 81 202   0  0    4 241 290  75  29 163  81 -49  49 1.8755 
119   2  65   1   1   0  0  1 1.00  83  50 229 110 225 348 269   0  0    3 317 110  50 229 225 348 -153 153 6.1658 
119   2  65   1   1   0  0  1 1.00  84 149 28 96 294  5 268   0  0    3 332  96 149  28 294   5 -124 124 4.0323 
119   2  65   1   1   0  0  1 1.00  85  78 131 302 338 180   3   0  0    3 284 302  78 131 338 180 -18  18 3.4507 
119   2  65   1   1   0  0  2 2.25  86 253 148 344 80 252  12   0  0    3 344 344 253 148  80 252   0   0 2.4727 
119   2  65   1   1   0  0  2 2.25  87 326 49 160 127 172 332   0  0    5 186 172 326  49 160 127  14  14 3.3192 
119   2  65   1   1   0  0  2 2.25  88 196 287 42 170 304 227   0  0    5  67 304 196 287  42 170 123 123 4.0107 
119   2  65   1   1   0  0  2 2.25  89  68 287 55 353 248 284   0  0    5  56 248  68 287  55 353 168 168 4.4502 
119   2  65   1   1   0  0  2 2.25  90 217 29 93 142 37  68   0  0    3 223  93 217  29 142  37 130 130 2.6638 
119   2  65   1   1   0  0  1 1.00  91 328 39 271 129 233 263   0  0    5 244 233 328  39 271 129  11  11 3.1624 
119   2  65   1   1   0  0  1 1.00  92 266 264 138 247 24 147   0  0    2 208 264 266 138 247  24 -56  56 5.9680 
119   2  65   1   1   0  0  1 1.00  93 174 85 152 74 238  62   0  0    1  37 174  85 152  74 238 -137 137 5.1067 
119   2  65   1   1   0  0  1 1.00  94  48 283 144 130 296  84   0  0    2 294 283  48 144 130 296  11  11 3.5845 
119   2  65   1   1   0  0  2 2.25  95 105 46 228 109 91 299   0  0    4  68 109 105  46 228  91 -41  41 4.8810 
119   2  65   1   1   0  0  2 2.25  96 195 173 180 170 148 138   0  0    4 226 170 195 173 180 148  56  56 3.4289 
119   2  65   1   1   0  0  1 1.00  97  43 60 315  3 217 171   0  0    2   5  60  43 315   3 217 -55  55 3.7278 
119   2  65   1   1   0  0  1 1.00  98  70 52 262 199 226 216   0  0    1  81  70  52 262 199 226  11  11 2.6143 
119   2  65   1   1   0  0  1 1.00  99  27 224  6 118 192  13   0  0    1 227  27 224   6 118 192 -160 160 7.1706 
119   2  65   1   1   0  0  1 1.00 100  35 118 25 100 59  65   0  0    3  84  25  35 118 100  59  59  59 4.6681 
