 11   1  19   1   0   1  1  0 1.00   1  39 274 300  8 321  17   5  0    5 286 321  39 274 300   8 -35  35 3.7180 
 11   1  19   1   0   1  2  0 2.25   2 240  4 53 11 145  15   5  2    2 241   4 240  53  11 145 -123 123 4.4023 
 11   1  19   1   0   1  2  0 2.25   3 142 134 79 182 109 237   3  5    5  98 109 142 134  79 182 -11  11 2.9231 
 11   1  19   1   0   1  1  0 1.00   4  60 181 235 12 11 356   3  0    3 230 235  60 181  12  11  -5   5 2.9658 
 11   1  19   1   1   1  2  0 2.25   1 101 226 50 75 115 355   5  2    2 236 226 101  50  75 115  10  10 2.4633 
 11   1  19   1   1   1  1  0 1.00   2 106 37 147 122  7  49   2  0    2 166  37 106 147 122   7 129 129 1.7324 
 11   1  19   1   1   1  1  0 1.00   3  39 148 34 158 77   7   5  0    5  71  77  39 148  34 158  -6   6 1.8478 
 11   1  19   1   1   1  1  0 1.00   4 265 273 47 131 118  37   2  0    2 269 273 265  47 131 118  -4   4 1.6063 
 11   1  19   1   1   1  2  0 2.25   5  55 128 52 321 189 298   5  2    2  72 128  55  52 321 189 -56  56 2.5142 
 11   1  19   1   1   1  2  0 2.25   6  44 293  9 172 89 269   1  2    2 340 293  44   9 172  89  47  47 3.1685 
 11   1  19   1   1   1  2  0 2.25   7  92 82 120 49 350 204   1  5    5 128 350  92  82 120  49 138 138 1.7801 
 11   1  19   1   1   1  1  0 1.00   8 147 181 203 153 229  97   1  0    1 144 147 181 203 153 229  -3   3 3.1094 
 11   1  19   1   1   1  1  0 1.00   9 202 63 119 126 81  68   2  0    2  84  63 202 119 126  81  21  21 2.1525 
 11   1  19   1   1   1  1  0 1.00  10 184 212 243 283 100 226   5  0    5  95 100 184 212 243 283  -5   5 1.9067 
 11   1  19   1   1   1  2  0 2.25  11  54 143 306 148 125  30   5  1    1 314  54 143 306 148 125 -100 100 1.9944 
 11   1  19   1   1   1  1  0 1.00  12  46 81  9 237 116 273   2  0    2 108  81  46   9 237 116  27  27 1.6833 
 11   1  19   1   1   1  2  0 2.25  13  38 251 285 331 44  74   2  4    4 293 331  38 251 285  44 -38  38 2.1319 
 11   1  19   1   1   1  2  0 2.25  14 178 200 233 302 307  56   1  5    5 311 307 178 200 233 302   4   4 2.2180 
 11   1  19   1   1   1  1  0 1.00  15 350 135 223 205 318 270   2  0    2 161 135 350 223 205 318  26  26 2.4174 
 11   1  19   1   1   1  1  0 1.00  16 299 355 190 194 267 322   3  0    3 167 190 299 355 194 267 -23  23 1.5846 
 11   1  19   1   1   1  1  0 1.00  17 322 25 59 240 193  11   4  0    4 151 240 322  25  59 193 -89  89 2.6180 
 11   1  19   1   1   1  1  0 1.00  18  81 91 344 193 183 128   4  0    4 166 193  81  91 344 183 -27  27 1.6571 
 11   1  19   1   1   1  1  0 1.00  19  36 298 291 142 54 196   1  0    1  64  36 298 291 142  54  28  28 1.5118 
 11   1  19   1   1   1  1  0 1.00  20 250 84 228 286 319 294   5  0    5 328 319 250  84 228 286   9   9 1.3967 
 11   1  19   1   1   1  2  0 2.25  21 242 303 236 30 109 277   2  4    4  74  30 242 303 236 109  44  44 1.9529 
 11   1  19   1   1   1  1  0 1.00  22 344 76 52 291 307 120   2  0    2  75  76 344  52 291 307  -1   1 1.7953 
 11   1  19   1   1   1  1  0 1.00  23 113 67 108 173 227 162   2  0    2 102  67 113 108 173 227  35  35 1.9487 
 11   1  19   1   1   1  2  0 2.25  24  60 140 246 174 63 243   5  1    1  67  60 140 246 174  63   7   7 1.6022 
 11   1  19   1   1   1  1  0 1.00  25  69 35 139 299 169 140   3  0    3 175 139  69  35 299 169  36  36 1.4590 
 11   1  19   1   1   1  1  0 1.00  26 258 349 94 313 78 151   5  0    5  65  78 258 349  94 313 -13  13 1.6057 
 11   1  19   1   1   1  1  0 1.00  27 235 83 79 151 306  93   4  0    4  91 151 235  83  79 306 -60  60 1.9264 
 11   1  19   1   1   1  1  0 1.00  28 350 306 266 274 270 145   1  0    1   9 350 306 266 274 270  19  19 1.7862 
 11   1  19   1   1   1  2  0 2.25  29  96 266 66 301 187 136   2  1    1  74  96 266  66 301 187 -22  22 1.1827 
 11   1  19   1   1   1  2  0 2.25  30 145 238 159 224 164 169   3  5    5 172 164 145 238 159 224   8   8 1.5398 
 11   1  19   1   1   1  2  0 2.25  31  34 63 46 227 186  22   4  5    5 172 186  34  63  46 227 -14  14 1.7945 
 11   1  19   1   1   1  1  0 1.00  32 204 199 207 206 181 344   1  0    1 209 204 199 207 206 181   5   5 2.3798 
 11   1  19   1   1   1  1  0 1.00  33 148 188 272 155 157 206   2  0    2 163 188 148 272 155 157 -25  25 1.7403 
 11   1  19   1   1   1  1  0 1.00  34  55 337 82 330 141 247   3  0    3  93  82  55 337 330 141  11  11 1.7196 
 11   1  19   1   1   1  1  0 1.00  35  43 67 126 191 246 329   3  0    3  86 126  43  67 191 246 -40  40 1.4676 
 11   1  19   1   1   1  1  0 1.00  36 206 186 339 304 277 304   1  0    1 186 206 186 339 304 277 -20  20 1.7299 
 11   1  19   1   1   1  2  0 2.25  37 275 215 28 42 126 332   4  5    5 216 126 275 215  28  42  90  90 2.1604 
 11   1  19   1   1   1  2  0 2.25  38 131 329 311 265 35  76   1  2    2 284 329 131 311 265  35 -45  45 1.5099 
 11   1  19   1   1   1  1  0 1.00  39  64 221 160 351 89  74   5  0    5  73  89  64 221 160 351 -16  16 1.4747 
 11   1  19   1   1   1  2  0 2.25  40 167 215 315 207  9  15   3  5    5 330   9 167 215 315 207 -39  39 1.6522 
 11   1  19   1   1   1  2  0 2.25  41  15 270  7 72 63  62   3  2    2 280 270  15   7  72  63  10  10 2.1581 
 11   1  19   1   1   1  1  0 1.00  42  11 45 90 92 39 164   3  0    3  71  90  11  45  92  39 -19  19 1.6563 
 11   1  19   1   1   1  2  0 2.25  43 154 11 342  5 260 341   4  1    1 190 154  11 342   5 260  36  36 1.2264 
 11   1  19   1   1   1  2  0 2.25  44 320 228 134 259 70 150   4  3    3 238 134 320 228 259  70 104 104 1.6540 
 11   1  19   1   1   1  1  0 1.00  45 334 89 269 119 257 200   1  0    1 341 334  89 269 119 257   7   7 2.6208 
 11   1  19   1   1   1  1  0 1.00  46 125 12 115 53 143 153   5  0    5 148 143 125  12 115  53   5   5 1.8998 
 11   1  19   1   1   1  2  0 2.25  47 351  6 69 187 253  86   1  4    4  78 187 351   6  69 253 -109 109 1.3794 
 11   1  19   1   1   1  2  0 2.25  48  90 215 296 285 134 100   1  5    5 139 134  90 215 296 285   5   5 1.7763 
 11   1  19   1   1   1  1  0 1.00  49 296 199 234 65 159  21   2  0    2 140 199 296 234  65 159 -59  59 7.2741 
 11   1  19   1   1   1  1  0 1.00  50  86 194 52 313 334  99   1  0    1  56  86 194  52 313 334 -30  30 1.8740 
 11   1  19   1   1   1  2  0 2.25  51 196 126 112  7 195 158   5  1    1 210 196 126 112   7 195  14  14 1.6457 
 11   1  19   1   1   1  1  0 1.00  52 284 98 227 126 99 328   2  0    2  93  98 284 227 126  99  -5   5 2.3403 
 11   1  19   1   1   1  1  0 1.00  53 166 340 283 357 223 281   1  0    1 179 166 340 283 357 223  13  13 2.0869 
 11   1  19   1   1   1  1  0 1.00  54 163 168 215 62 271 195   2  0    2 162 168 163 215  62 271  -6   6 1.3399 
 11   1  19   1   1   1  2  0 2.25  55  12  5 127 71 128 102   5  1    1 339  12   5 127  71 128 -33  33 1.3628 
 11   1  19   1   1   1  1  0 1.00  56 164 15 342 41 309  40   3  0    3 343 342 164  15  41 309   1   1 2.9492 
 11   1  19   1   1   1  2  0 2.25  57 254 334 205 344 243 186   5  1    1 267 254 334 205 344 243  13  13 1.4257 
 11   1  19   1   1   1  2  0 2.25  58 100 309 63 50 335 308   5  3    3  62  63 100 309  50 335  -1   1 2.0933 
 11   1  19   1   1   1  2  0 2.25  59  74  1 240 230 307 124   4  3    3 239 240  74   1 230 307  -1   1 3.5893 
 11   1  19   1   1   1  1  0 1.00  60 263 25 130 110 282 160   5  0    5 294 282 263  25 130 110  12  12 3.7405 
 11   1  19   1   1   1  2  0 2.25  61  55 117 148 166 254  21   2  3    3 136 148  55 117 166 254 -12  12 1.6648 
 11   1  19   1   1   1  1  0 1.00  62 303 360 171 275 267 339   2  0    2 315 360 303 171 275 267 -45  45 2.2468 
 11   1  19   1   1   1  1  0 1.00  63 353 142 178 49 89  43   2  0    2 181 142 353 178  49  89  39  39 3.6689 
 11   1  19   1   1   1  2  0 2.25  64 327 191 150 65 284  30   1  2    2 303 191 327 150  65 284 112 112 2.3559 
 11   1  19   1   1   1  2  0 2.25  65  22  4 250 107 32  44   5  1    1  34  22   4 250 107  32  12  12 3.0571 
 11   1  19   1   1   1  1  0 1.00  66 107 13 10 275 118 216   1  0    1 128 107  13  10 275 118  21  21 1.6543 
 11   1  19   1   1   1  1  0 1.00  67 123 19 139 180 81 197   2  0    2 340  19 123 139 180  81 -39  39 1.8610 
 11   1  19   1   1   1  2  0 2.25  68 267 210 116 317 198 181   4  2    2 223 210 267 116 317 198  13  13 1.0467 
 11   1  19   1   1   1  2  0 2.25  69  49 305 138 355 199  24   5  4    4 344 355  49 305 138 199 -11  11 1.6333 
 11   1  19   1   1   1  2  0 2.25  70 297 333 236 293 28 329   3  5    5 301  28 297 333 236 293 -87  87 2.0839 
 11   1  19   1   1   1  1  0 1.00  71 330 116 254 120 60 128   5  0    5 338  60 330 116 254 120 -82  82 1.4169 
 11   1  19   1   1   1  1  0 1.00  72  50 21 221 39 22  45   2  0    2 332  21  50 221  39  22 -49  49 5.6491 
 11   1  19   1   1   1  2  0 2.25  73 315 132 81 224 173  45   3  1    1 320 315 132  81 224 173   5   5 1.1913 
 11   1  19   1   1   1  2  0 2.25  74 335 333 29 253 105 145   2  3    3 280  29 335 333 253 105 -109 109 2.2764 
 11   1  19   1   1   1  2  0 2.25  75  42 221 181 184 155 250   1  5    5 183 155  42 221 181 184  28  28 1.1570 
 11   1  19   1   1   1  2  0 2.25  76 240 355 140 291 224  25   1  5    5 238 224 240 355 140 291  14  14 2.6121 
 11   1  19   1   1   1  1  0 1.00  77   2 92 82 139 136 271   2  0    2 100  92   2  82 139 136   8   8 2.2997 
 11   1  19   1   1   1  2  0 2.25  78 127  1 141 170 328 175   2  4    4 309 170 127   1 141 328 139 139 1.9390 
 11   1  19   1   1   1  2  0 2.25  79 333 58 155 260 34 230   2  5    5 312  34 333  58 155 260 -82  82 3.9212 
 11   1  19   1   1   1  1  0 1.00  80 132 260 169 119 149 118   1  0    1 133 132 260 169 119 149   1   1 3.9147 
 11   1  19   1   1   1  1  0 1.00  81 111 27 38 169 240 103   1  0    1 113 111  27  38 169 240   2   2 2.2363 
 11   1  19   1   1   1  1  0 1.00  82 212 302 55 219 176 204   1  0    1 220 212 302  55 219 176   8   8 2.0671 
 11   1  19   1   1   1  2  0 2.25  83 242 134 15 104 216 188   3  1    1 222 242 134  15 104 216 -20  20 1.4678 
 11   1  19   1   1   1  2  0 2.25  84 209 152 235 167 179 305   2  4    4 190 167 209 152 235 179  23  23 3.9812 
 11   1  19   1   1   1  1  0 1.00  85 142 236 359 184 115 101   2  0    2 142 236 142 359 184 115 -94  94 3.5327 
 11   1  19   1   1   1  1  0 1.00  86 348 94 237 249 170  96   5  0    5 286 170 348  94 237 249 116 116 2.3500 
 11   1  19   1   1   1  2  0 2.25  87 279 179 216 115 220 213   1  2    2 174 179 279 216 115 220  -5   5 2.3872 
 11   1  19   1   1   1  1  0 1.00  88 209 354 255 94 58 104   4  0    4 319  94 209 354 255  58 -135 135 3.1637 
 11   1  19   1   1   1  2  0 2.25  89 155 75 88 316 50 310   5  1    1 173 155  75  88 316  50  18  18 1.6560 
 11   1  19   1   1   1  2  0 2.25  90  39 120 95 79 12  38   2  1    1  83  39 120  95  79  12  44  44 3.1379 
 11   1  19   1   1   1  2  0 2.25  91 244 191 63 255 183 331   2  5    5 185 183 244 191  63 255   2   2 2.8308 
 11   1  19   1   1   1  2  0 2.25  92 287 194 273 197 278 154   1  4    4 184 197 287 194 273 278 -13  13 1.2002 
 11   1  19   1   1   1  2  0 2.25  93 142 114 315 184 304 112   2  1    1 155 142 114 315 184 304  13  13 1.6766 
 11   1  19   1   1   1  2  0 2.25  94  69 19 50 51 93 184   4  3    3  55  50  69  19  51  93   5   5 1.6779 
 11   1  19   1   1   1  2  0 2.25  95 264 102 149 60 271 228   2  4    4 276  60 264 102 149 271 -144 144 2.0791 
 11   1  19   1   1   1  2  0 2.25  96   6 11 155 249 251 315   3  2    2   3  11   6 155 249 251  -8   8 2.2560 
 11   1  19   1   1   1  2  0 2.25  97 119 288 293 358 251 241   4  5    5 273 251 119 288 293 358  22  22 1.4972 
 11   1  19   1   1   1  2  0 2.25  98 343 89 58 281 90  46   2  4    4  32 281 343  89  58  90 111 111 1.5133 
 11   1  19   1   1   1  1  0 1.00  99 122 92 200 84 194 248   3  0    3 179 200 122  92  84 194 -21  21 2.2775 
 11   1  19   1   1   1  1  0 1.00 100 263 243 117 121 329  56   2  0    2 274 243 263 117 121 329  31  31 1.6909 
 11   1  19   1   0   0  0  2 2.25   1 227 112 290 219 245 115   0  0    2 293 112 227 290 219 245 -179 179 5.4682 
 11   1  19   1   0   0  0  1 1.00   2 292 108 63 204 187  66   0  0    5 241 187 292 108  63 204  54  54 2.1868 
 11   1  19   1   0   0  0  1 1.00   3 126  1 151 269 169 235   0  0    3 273 151 126   1 269 169 122 122 2.4323 
 11   1  19   1   0   0  0  2 2.25   4 164 258 265 287 277 108   0  0    5 285 277 164 258 265 287   8   8 1.6082 
 11   1  19   1   1   0  0  1 1.00   1 300 90 120 265 47 126   0  0    5 326  47 300  90 120 265 -81  81 2.8060 
 11   1  19   1   1   0  0  1 1.00   2  45 295 88 145 137 240   0  0    5 161 137  45 295  88 145  24  24 2.2422 
 11   1  19   1   1   0  0  2 2.25   3 205 88 142 222 33 104   0  0    5 307  33 205  88 142 222 -86  86 2.2423 
 11   1  19   1   1   0  0  2 2.25   4   8 73 53 12  4 356   0  0    4  16  12   8  73  53   4   4   4 1.8344 
 11   1  19   1   1   0  0  2 2.25   5 225 216 291 250 76 284   0  0    3 232 291 225 216 250  76 -59  59 2.0510 
 11   1  19   1   1   0  0  1 1.00   6 325 110 138 124 82 317   0  0    5 117  82 325 110 138 124  35  35 2.0701 
 11   1  19   1   1   0  0  2 2.25   7 272 210  8 18 106 214   0  0    3 348   8 272 210  18 106 -20  20 5.7251 
 11   1  19   1   1   0  0  1 1.00   8 216 92 37 218 198 265   0  0    2  77  92 216  37 218 198 -15  15 2.3373 
 11   1  19   1   1   0  0  2 2.25   9 108 95 114 94 97 355   0  0    4 100  94 108  95 114  97   6   6 2.8214 
 11   1  19   1   1   0  0  2 2.25  10 166 110 237 182 39  18   0  0    3 226 237 166 110 182  39 -11  11 2.4693 
 11   1  19   1   1   0  0  1 1.00  11  94 98 132 277 126 342   0  0    5 110 126  94  98 132 277 -16  16 2.8153 
 11   1  19   1   1   0  0  2 2.25  12 277 130 341 272 57 242   0  0    1 268 277 130 341 272  57  -9   9 1.6235 
 11   1  19   1   1   0  0  2 2.25  13 126 62 222 360 128  28   0  0    5 136 128 126  62 222 360   8   8 2.0408 
 11   1  19   1   1   0  0  1 1.00  14 312 125 280 177 11 139   0  0    2 114 125 312 280 177  11 -11  11 1.9968 
 11   1  19   1   1   0  0  2 2.25  15 148 283 195 255 149 246   0  0    5 150 149 148 283 195 255   1   1 2.8463 
 11   1  19   1   1   0  0  1 1.00  16 199 195 67 219 328 352   0  0    4 106 219 199 195  67 328 -113 113 3.1292 
 11   1  19   1   1   0  0  1 1.00  17 168 298  8 20 310  64   0  0    3 287   8 168 298  20 310 -81  81 2.7604 
 11   1  19   1   1   0  0  1 1.00  18 244 56 261 82 125 216   0  0    2 213  56 244 261  82 125 157 157 4.1746 
 11   1  19   1   1   0  0  1 1.00  19 192 225 121 201 223 295   0  0    2 226 225 192 121 201 223   1   1 1.7146 
 11   1  19   1   1   0  0  1 1.00  20  78 280 33 237 145 140   0  0    2  84 280  78  33 237 145 164 164 3.7154 
 11   1  19   1   1   0  0  1 1.00  21 210 143 261 85 89 225   0  0    2 186 143 210 261  85  89  43  43 2.6979 
 11   1  19   1   1   0  0  2 2.25  22 145 84 279 156 241  59   0  0    1 241 145  84 279 156 241  96  96 2.9188 
 11   1  19   1   1   0  0  2 2.25  23 244 102 237 108 21  11   0  0    1 239 244 102 237 108  21  -5   5 1.6749 
 11   1  19   1   1   0  0  2 2.25  24 102 235 202 68 252   4   0  0    4  67  68 102 235 202 252  -1   1 2.7622 
 11   1  19   1   1   0  0  1 1.00  25 326 284 189 25 144 353   0  0    4  46  25 326 284 189 144  21  21 1.7686 
 11   1  19   1   1   0  0  2 2.25  26 112 349 346 191 87 314   0  0    3 359 346 112 349 191  87  13  13 1.5072 
 11   1  19   1   1   0  0  2 2.25  27 241 100 199 126 221 284   0  0    4  72 126 241 100 199 221 -54  54 2.2975 
 11   1  19   1   1   0  0  1 1.00  28 342 186 146 113 199 334   0  0    4 149 113 342 186 146 199  36  36 2.2262 
 11   1  19   1   1   0  0  1 1.00  29 315 251 248 346 238  30   0  0    3 280 248 315 251 346 238  32  32 2.7264 
 11   1  19   1   1   0  0  1 1.00  30  80 165 320 67 86 327   0  0    3  15 320  80 165  67  86  55  55 3.9341 
 11   1  19   1   1   0  0  2 2.25  31 215 10 260 128 44 348   0  0    5  31  44 215  10 260 128 -13  13 3.6643 
 11   1  19   1   1   0  0  1 1.00  32 298 346 29 238 266 222   0  0    3   2  29 298 346 238 266 -27  27 3.3448 
 11   1  19   1   1   0  0  2 2.25  33 226 10 251 62 341 143   0  0    3 269 251 226  10  62 341  18  18 1.7157 
 11   1  19   1   1   0  0  1 1.00  34 258 189 252 278 327 300   0  0    1 277 258 189 252 278 327  19  19 2.1885 
 11   1  19   1   1   0  0  1 1.00  35 140 28 307 336 221 294   0  0    1 200 140  28 307 336 221  60  60 2.0740 
 11   1  19   1   1   0  0  1 1.00  36 274 214 11 35 354 206   0  0    4 288  35 274 214  11 354 -107 107 1.7405 
 11   1  19   1   1   0  0  1 1.00  37  88 233 42 261 19  81   0  0    3  72  42  88 233 261  19  30  30 2.5405 
 11   1  19   1   1   0  0  1 1.00  38 167 285 59 202 46  59   0  0    5  47  46 167 285  59 202   1   1 1.6597 
 11   1  19   1   1   0  0  2 2.25  39 158 296 60 94 104 133   0  0    1 146 158 296  60  94 104 -12  12 1.9878 
 11   1  19   1   1   0  0  2 2.25  40 350 260 13 173 221  71   0  0    1 338 350 260  13 173 221 -12  12 2.1662 
 11   1  19   1   1   0  0  2 2.25  41 336 320 282 177 20 351   0  0    1 305 336 320 282 177  20 -31  31 2.3370 
 11   1  19   1   1   0  0  1 1.00  42 297 236 177 269 149 218   0  0    5 173 149 297 236 177 269  24  24 2.0084 
 11   1  19   1   1   0  0  1 1.00  43 127 344 27 304  7 111   0  0    2 303 344 127  27 304   7 -41  41 2.0936 
 11   1  19   1   1   0  0  1 1.00  44 176 106 96 260 72 226   0  0    5 110  72 176 106  96 260  38  38 1.9913 
 11   1  19   1   1   0  0  2 2.25  45  57 144 214 101 197 275   0  0    1  86  57 144 214 101 197  29  29 2.2576 
 11   1  19   1   1   0  0  1 1.00  46 358 326 224 287 268 140   0  0    2 274 326 358 224 287 268 -52  52 2.0205 
 11   1  19   1   1   0  0  1 1.00  47 133 244 307 248 328 242   0  0    3 288 307 133 244 248 328 -19  19 1.3850 
 11   1  19   1   1   0  0  2 2.25  48  69 341 242 127 259 104   0  0    2  95 341  69 242 127 259 114 114 1.1400 
 11   1  19   1   1   0  0  2 2.25  49  35 53 247 156 254 308   0  0    2  77  53  35 247 156 254  24  24 1.8333 
 11   1  19   1   1   0  0  1 1.00  50 103 45 254 160 24  24   0  0    5  75  24 103  45 254 160  51  51 2.8453 
 11   1  19   1   1   0  0  2 2.25  51  74 95 258 134 238  57   0  0    3 207 258  74  95 134 238 -51  51 2.4322 
 11   1  19   1   1   0  0  2 2.25  52 286 81 242 310 332  25   0  0    4 316 310 286  81 242 332   6   6 2.0400 
 11   1  19   1   1   0  0  1 1.00  53  76 33 296 107 29 260   0  0    3 304 296  76  33 107  29   8   8 1.2198 
 11   1  19   1   1   0  0  2 2.25  54 220 218 44 128 106 297   0  0    3  72  44 220 218 128 106  28  28 2.0538 
 11   1  19   1   1   0  0  1 1.00  55 320 146 277 136 184 163   0  0    3 283 277 320 146 136 184   6   6 1.8649 
 11   1  19   1   1   0  0  1 1.00  56  94 207 170 192 355 326   0  0    2 177 207  94 170 192 355 -30  30 1.8354 
 11   1  19   1   1   0  0  1 1.00  57 101 228 191  3 303 205   0  0    3 255 191 101 228   3 303  64  64 1.2714 
 11   1  19   1   1   0  0  2 2.25  58 191 145 303 152 286 225   0  0    3 173 303 191 145 152 286 -130 130 1.6953 
 11   1  19   1   1   0  0  2 2.25  59  62 341 243 323 155 122   0  0    4 298 323  62 341 243 155 -25  25 1.6780 
 11   1  19   1   1   0  0  2 2.25  60  27 75 345 271 210   1   0  0    3  15 345  27  75 271 210  30  30 1.8774 
 11   1  19   1   1   0  0  2 2.25  61 271 168 102 280 36 290   0  0    3  59 102 271 168 280  36 -43  43 1.5966 
 11   1  19   1   1   0  0  2 2.25  62  49 72 192 344 258  56   0  0    2 238  72  49 192 344 258 166 166 1.9987 
 11   1  19   1   1   0  0  2 2.25  63 237 249 140 92 44  41   0  0    4 221  92 237 249 140  44 129 129 2.5764 
 11   1  19   1   1   0  0  2 2.25  64  31 328 354 143 265   5   0  0    3 285 354  31 328 143 265 -69  69 4.2669 
 11   1  19   1   1   0  0  2 2.25  65 241 172 358 143 231 157   0  0    5 230 231 241 172 358 143  -1   1 2.9360 
 11   1  19   1   1   0  0  2 2.25  66 247 54 48 176 76 298   0  0    2  48  54 247  48 176  76  -6   6 1.7793 
 11   1  19   1   1   0  0  1 1.00  67  97 288 309 264 84 302   0  0    2 286 288  97 309 264  84  -2   2 1.4893 
 11   1  19   1   1   0  0  2 2.25  68 216 188 320 156 334  62   0  0    2 232 188 216 320 156 334  44  44 1.8243 
 11   1  19   1   1   0  0  1 1.00  69  51 182 343 269 15 169   0  0    1  66  51 182 343 269  15  15  15 1.3889 
 11   1  19   1   1   0  0  1 1.00  70  19 91 35 263 255 111   0  0    5 276 255  19  91  35 263  21  21 1.4274 
 11   1  19   1   1   0  0  2 2.25  71 181 257 30 71 267 124   0  0    2 266 257 181  30  71 267   9   9 1.8291 
 11   1  19   1   1   0  0  2 2.25  72 172 138 227 305 10 254   0  0    2 274 138 172 227 305  10 136 136 1.4058 
 11   1  19   1   1   0  0  2 2.25  73  69 246 211 300 128 148   0  0    2 163 246  69 211 300 128 -83  83 2.6081 
 11   1  19   1   1   0  0  2 2.25  74 341 98 75 133 337 309   0  0    1 328 341  98  75 133 337 -13  13 2.2251 
 11   1  19   1   1   0  0  2 2.25  75 170 37 111 104 143 344   0  0    2 360  37 170 111 104 143 -37  37 2.0019 
 11   1  19   1   1   0  0  1 1.00  76 202 211 227 264 349 293   0  0    2 226 211 202 227 264 349  15  15 1.7067 
 11   1  19   1   1   0  0  1 1.00  77 244 126 203 305 51 316   0  0    3 245 203 244 126 305  51  42  42 2.0922 
 11   1  19   1   1   0  0  1 1.00  78 137 331 114 148 184  15   0  0    2 315 331 137 114 148 184 -16  16 1.6618 
 11   1  19   1   1   0  0  1 1.00  79  71 310  7 63 151 234   0  0    4  54  63  71 310   7 151  -9   9 2.1854 
 11   1  19   1   1   0  0  1 1.00  80  18 80 296 105 69  82   0  0    4  52 105  18  80 296  69 -53  53 2.4629 
 11   1  19   1   1   0  0  1 1.00  81 316 216 350 299 315 212   0  0    1 329 316 216 350 299 315  13  13 3.0496 
 11   1  19   1   1   0  0  1 1.00  82   7 160 315 109 23 234   0  0    4 321 109   7 160 315  23 -148 148 2.0835 
 11   1  19   1   1   0  0  1 1.00  83  12 180 134 154 303  28   0  0    5 320 303  12 180 134 154  17  17 1.4932 
 11   1  19   1   1   0  0  2 2.25  84 283 153 220 287 29 315   0  0    1 288 283 153 220 287  29   5   5 1.5241 
 11   1  19   1   1   0  0  2 2.25  85 117 232 46 68 42 211   0  0    2 223 232 117  46  68  42  -9   9 4.0097 
 11   1  19   1   1   0  0  2 2.25  86   9 252 90 296 223 248   0  0    5 278 223   9 252  90 296  55  55 1.4331 
 11   1  19   1   1   0  0  2 2.25  87 354 62 70 132 106 307   0  0    5  78 106 354  62  70 132 -28  28 2.2501 
 11   1  19   1   1   0  0  2 2.25  88 252 351 254 173 352 250   0  0    3 281 254 252 351 173 352  27  27 1.4736 
 11   1  19   1   1   0  0  1 1.00  89 103 161 45 213 332  30   0  0    1 101 103 161  45 213 332  -2   2 3.1326 
 11   1  19   1   1   0  0  1 1.00  90  60  7 261 346 327 302   0  0    3 267 261  60   7 346 327   6   6 1.4992 
 11   1  19   1   1   0  0  2 2.25  91  61 27 98 358 140   9   0  0    4  73 358  61  27  98 140  75  75 2.8334 
 11   1  19   1   1   0  0  2 2.25  92 300 29 249 141 42 240   0  0    2 244  29 300 249 141  42 -145 145 3.6249 
 11   1  19   1   1   0  0  1 1.00  93 156 64 61 176 32  29   0  0    2  62  64 156  61 176  32  -2   2 2.6355 
 11   1  19   1   1   0  0  1 1.00  94 113 242 327 261 210  76   0  0    2 217 242 113 327 261 210 -25  25 2.4385 
 11   1  19   1   1   0  0  2 2.25  95 264 172 271 292 59 142   0  0    2 163 172 264 271 292  59  -9   9 3.7584 
 11   1  19   1   1   0  0  2 2.25  96 148 276 241 13 204  41   0  0    3 265 241 148 276  13 204  24  24 2.5521 
 11   1  19   1   1   0  0  1 1.00  97 308 276 331 357 229  39   0  0    1 284 308 276 331 357 229 -24  24 1.7187 
 11   1  19   1   1   0  0  2 2.25  98 265 190 312 201 37  39   0  0    2 274 190 265 312 201  37  84  84 2.4760 
 11   1  19   1   1   0  0  1 1.00  99  77 140 291 142 301  91   0  0    2 151 140  77 291 142 301  11  11 1.9419 
 11   1  19   1   1   0  0  1 1.00 100 233 291 16 111 152 231   0  0    2 277 291 233  16 111 152 -14  14 1.7577 
