122   2  77   1   0   0  0  2 2.25   1 167 331 333 39 87 318   0  0    3 169 333 167 331  39  87 -164 164 319.0531 
122   2  77   1   0   0  0  1 1.00   2 321 300  9 275 53 287   0  0    4 112 275 321 300   9  53 -163 163 11.9244 
122   2  77   1   0   0  0  1 1.00   3  28 316 347 256 270 338   0  0    5 272 270  28 316 347 256   2   2 7.9866 
122   2  77   1   0   0  0  2 2.25   4 255 127 204 17 35 151   0  0    2 187 127 255 204  17  35  60  60 88.6358 
122   2  77   1   1   0  0  2 2.25   1 130 313 304 357 227  54   0  0    5 242 227 130 313 304 357  15  15 4.6512 
122   2  77   1   1   0  0  2 2.25   2 149 64  3 346 43 300   0  0    5  99  43 149  64   3 346  56  56 7.7445 
122   2  77   1   1   0  0  1 1.00   3 251 142 76 44 272 189   0  0    5  35 272 251 142  76  44 123 123 4.4820 
122   2  77   1   1   0  0  2 2.25   4  88 22 27 180 234   6   0  0    2   6  22  88  27 180 234 -16  16 3.8143 
122   2  77   1   1   0  0  1 1.00   5 280 273 279 302 145  11   0  0    3 315 279 280 273 302 145  36  36 4.0654 
122   2  77   1   1   0  0  2 2.25   6  70 27 76 60 223 138   0  0    5 242 223  70  27  76  60  19  19 4.1748 
122   2  77   1   1   0  0  1 1.00   7 213 53 98 41 218  46   0  0    5 252 218 213  53  98  41  34  34 3.9709 
122   2  77   1   1   0  0  1 1.00   8  88 158 59 149 144 259   0  0    1 170  88 158  59 149 144  82  82 4.0870 
122   2  77   1   1   0  0  1 1.00   9 342 188 101 135 192  81   0  0    1 357 342 188 101 135 192  15  15 3.4225 
122   2  77   1   1   0  0  2 2.25  10 291 148 24 80 89 217   0  0    1 167 291 148  24  80  89 -124 124 3.3980 
122   2  77   1   1   0  0  1 1.00  11  24 174 58 10 36  85   0  0    2 224 174  24  58  10  36  50  50 2.9942 
122   2  77   1   1   0  0  1 1.00  12 192 116 20 47 80 239   0  0    2 205 116 192  20  47  80  89  89 2.9188 
122   2  77   1   1   0  0  1 1.00  13 157 209 96 45 267  85   0  0    2 233 209 157  96  45 267  24  24 2.3504 
122   2  77   1   1   0  0  2 2.25  14 358 39 349 128 326  28   0  0    3 215 349 358  39 128 326 -134 134 3.4657 
122   2  77   1   1   0  0  2 2.25  15 302 354 59 284 89 329   0  0    3  38  59 302 354 284  89 -21  21 2.8798 
122   2  77   1   1   0  0  2 2.25  16 229 173 247 326 340 189   0  0    4 310 326 229 173 247 340 -16  16 2.5018 
122   2  77   1   1   0  0  1 1.00  17 252 223 83 191 333 264   0  0    5 225 333 252 223  83 191 -108 108 4.9024 
122   2  77   1   1   0  0  2 2.25  18 338 26 303 135 103 321   0  0    2  41  26 338 303 135 103  15  15 2.5049 
122   2  77   1   1   0  0  2 2.25  19 136 138 302 323 50  91   0  0    3 313 302 136 138 323  50  11  11 1.7741 
122   2  77   1   1   0  0  1 1.00  20 288 64 152 172 107 244   0  0    2  77  64 288 152 172 107  13  13 3.0287 
122   2  77   1   1   0  0  1 1.00  21   5 175 190 292 59 108   0  0    5 303  59   5 175 190 292 -116 116 3.4161 
122   2  77   1   1   0  0  2 2.25  22  21 263 305 69 106 281   0  0    5 157 106  21 263 305  69  51  51 2.9522 
122   2  77   1   1   0  0  1 1.00  23 338 44 96 103 11 215   0  0    3 153  96 338  44 103  11  57  57 3.8782 
122   2  77   1   1   0  0  2 2.25  24  20 246 192 330 61 318   0  0    1 354  20 246 192 330  61 -26  26 2.8272 
122   2  77   1   1   0  0  1 1.00  25 217 274 271 332 355 272   0  0    1 200 217 274 271 332 355 -17  17 1.9509 
122   2  77   1   1   0  0  2 2.25  26  63 223 166 174 244 314   0  0    5 349 244  63 223 166 174 105 105 2.7163 
122   2  77   1   1   0  0  2 2.25  27  62 140 64 184 192 310   0  0    4 144 184  62 140  64 192 -40  40 2.1765 
122   2  77   1   1   0  0  2 2.25  28 259 311 191 88 242  71   0  0    2 335 311 259 191  88 242  24  24 2.6354 
122   2  77   1   1   0  0  1 1.00  29  17 106 64 236 190 242   0  0    1  12  17 106  64 236 190  -5   5 2.3905 
122   2  77   1   1   0  0  2 2.25  30 347 342 77 269 44 302   0  0    4 268 269 347 342  77  44  -1   1 2.4805 
122   2  77   1   1   0  0  2 2.25  31 257 205 58 94 228  23   0  0    5 296 228 257 205  58  94  68  68 2.9349 
122   2  77   1   1   0  0  2 2.25  32 302 233 218 122 317 297   0  0    5 301 317 302 233 218 122 -16  16 2.6503 
122   2  77   1   1   0  0  1 1.00  33 145 294 194 230 142 232   0  0    4 241 230 145 294 194 142  11  11 3.4367 
122   2  77   1   1   0  0  2 2.25  34 163 86  5 325 47 154   0  0    1 120 163  86   5 325  47 -43  43 2.5555 
122   2  77   1   1   0  0  2 2.25  35 141 343 140 317 51 353   0  0    4 154 317 141 343 140  51 -163 163 3.9745 
122   2  77   1   1   0  0  2 2.25  36  63 82 69 218 314 343   0  0    2  52  82  63  69 218 314 -30  30 2.1595 
122   2  77   1   1   0  0  1 1.00  37 221 264 187 29 177 115   0  0    4 335  29 221 264 187 177 -54  54 3.0145 
122   2  77   1   1   0  0  1 1.00  38 323 350 345 338 40 214   0  0    3 345 345 323 350 338  40   0   0 2.6264 
122   2  77   1   1   0  0  2 2.25  39  30 42 144 322 217 289   0  0    1  27  30  42 144 322 217  -3   3 2.3948 
122   2  77   1   1   0  0  1 1.00  40  81 188 206 193 66 213   0  0    4 184 193  81 188 206  66  -9   9 2.0722 
122   2  77   1   1   0  0  1 1.00  41  98 247 204 236 153  43   0  0    3 149 204  98 247 236 153 -55  55 2.2586 
122   2  77   1   1   0  0  1 1.00  42 173 235 13 243 168 280   0  0    1 182 173 235  13 243 168   9   9 3.2534 
122   2  77   1   1   0  0  1 1.00  43  47 144 270 234 244 282   0  0    5 235 244  47 144 270 234  -9   9 2.8952 
122   2  77   1   1   0  0  1 1.00  44   4 65 54 218 109 150   0  0    2  78  65   4  54 218 109  13  13 5.1599 
122   2  77   1   1   0  0  2 2.25  45 148 37 32 186 204  61   0  0    3  30  32 148  37 186 204  -2   2 1.7201 
122   2  77   1   1   0  0  2 2.25  46  71 188 17 95 257 186   0  0    1  63  71 188  17  95 257  -8   8 2.5335 
122   2  77   1   1   0  0  2 2.25  47  86 159  1 10 181 359   0  0    2  28 159  86   1  10 181 -131 131 4.5213 
122   2  77   1   1   0  0  1 1.00  48  99 76 78 335 81 211   0  0    4 332 335  99  76  78  81  -3   3 2.2790 
122   2  77   1   1   0  0  1 1.00  49 108 301 48 103 14 310   0  0    2 288 301 108  48 103  14 -13  13 2.4091 
122   2  77   1   1   0  0  2 2.25  50 208 282 359 22 226 339   0  0    1 189 208 282 359  22 226 -19  19 4.0904 
122   2  77   1   1   0  0  1 1.00  51 246 96 269 153 181 232   0  0    5 164 181 246  96 269 153 -17  17 3.7199 
122   2  77   1   1   0  0  1 1.00  52 254 261 127 353 67 355   0  0    3 223 127 254 261 353  67  96  96 5.5345 
122   2  77   1   1   0  0  2 2.25  53 314 317 299 247 151 178   0  0    2 319 317 314 299 247 151   2   2 3.3037 
122   2  77   1   1   0  0  1 1.00  54 289 271 74 266 108 111   0  0    3 238  74 289 271 266 108 164 164 3.9753 
122   2  77   1   1   0  0  1 1.00  55  55 77 326 59 357 301   0  0    1  45  55  77 326  59 357 -10  10 3.7556 
122   2  77   1   1   0  0  1 1.00  56  14 77 108 69 332  86   0  0    4  61  69  14  77 108 332  -8   8 3.3928 
122   2  77   1   1   0  0  2 2.25  57 271 334 116 89 154 221   0  0    2 309 334 271 116  89 154 -25  25 2.2576 
122   2  77   1   1   0  0  2 2.25  58 295 294 173 198 168  20   0  0    1 312 295 294 173 198 168  17  17 2.3050 
122   2  77   1   1   0  0  2 2.25  59 124 15 321 178 286 322   0  0    4 299 178 124  15 321 286 121 121 3.5904 
122   2  77   1   1   0  0  1 1.00  60  30 233 309 52 268 333   0  0    3 299 309  30 233  52 268 -10  10 2.1305 
122   2  77   1   1   0  0  1 1.00  61 187 195 194 39 274  58   0  0    2 172 195 187 194  39 274 -23  23 2.4668 
122   2  77   1   1   0  0  2 2.25  62 127 76 284 275 241 169   0  0    4 300 275 127  76 284 241  25  25 3.1293 
122   2  77   1   1   0  0  2 2.25  63 184 76 302 62 103 162   0  0    3 269 302 184  76  62 103 -33  33 2.5972 
122   2  77   1   1   0  0  1 1.00  64   4 285 332 162 115 313   0  0    4 165 162   4 285 332 115   3   3 2.5143 
122   2  77   1   1   0  0  1 1.00  65  68 347 74 255 204 314   0  0    5 234 204  68 347  74 255  30  30 2.0749 
122   2  77   1   1   0  0  2 2.25  66 249 214 99 346 14 333   0  0    2 224 214 249  99 346  14  10  10 3.9458 
122   2  77   1   1   0  0  1 1.00  67  83 247 320 233 90  68   0  0    1 331  83 247 320 233  90 -112 112 3.5915 
122   2  77   1   1   0  0  2 2.25  68 254 212 106 180 280 212   0  0    4 159 180 254 212 106 280 -21  21 2.4641 
122   2  77   1   1   0  0  1 1.00  69 329 150 225 181 310 130   0  0    3 225 225 329 150 181 310   0   0 3.7307 
122   2  77   1   1   0  0  1 1.00  70 285 131 46 193 217 265   0  0    2 204 131 285  46 193 217  73  73 2.4812 
122   2  77   1   1   0  0  1 1.00  71 288 55 331 284 336 275   0  0    1 337 288  55 331 284 336  49  49 2.5232 
122   2  77   1   1   0  0  1 1.00  72  59 166 72 169 16 264   0  0    3 174  72  59 166 169  16 102 102 2.2991 
122   2  77   1   1   0  0  1 1.00  73 228 282 118 19 198 226   0  0    2 105 282 228 118  19 198 -177 177 2.3959 
122   2  77   1   1   0  0  2 2.25  74 322 19 39 177 279 104   0  0    3 321  39 322  19 177 279 -78  78 2.1418 
122   2  77   1   1   0  0  1 1.00  75 179 131 330 129 48  47   0  0    4 129 129 179 131 330  48   0   0 4.0455 
122   2  77   1   1   0  0  1 1.00  76 137 109 144 24 251  83   0  0    1 181 137 109 144  24 251  44  44 2.7981 
122   2  77   1   1   0  0  2 2.25  77 278 171 108 164 284 148   0  0    4 156 164 278 171 108 284  -8   8 2.3757 
122   2  77   1   1   0  0  2 2.25  78 135 74 96 106 30  32   0  0    3  83  96 135  74 106  30 -13  13 2.1943 
122   2  77   1   1   0  0  1 1.00  79 241 305 169 92 101  68   0  0    3 146 169 241 305  92 101 -23  23 2.2560 
122   2  77   1   1   0  0  2 2.25  80 182 346 10 303 217  32   0  0    3 356  10 182 346 303 217 -14  14 2.7274 
122   2  77   1   1   0  0  2 2.25  81 149 182 119 174 330 248   0  0    1 160 149 182 119 174 330  11  11 2.4036 
122   2  77   1   1   0  0  2 2.25  82 323 250 84 139 27 221   0  0    4  83 139 323 250  84  27 -56  56 4.1888 
122   2  77   1   1   0  0  1 1.00  83 330 77 54 70 144  91   0  0    3  60  54 330  77  70 144   6   6 1.7922 
122   2  77   1   1   0  0  2 2.25  84 321 170 298 217 248 111   0  0    1 330 321 170 298 217 248   9   9 3.1390 
122   2  77   1   1   0  0  2 2.25  85 180 252 50 222 82   6   0  0    4  99 222 180 252  50  82 -123 123 2.6781 
122   2  77   1   1   0  0  2 2.25  86 255 20 38 266 85 358   0  0    5 110  85 255  20  38 266  25  25 2.8283 
122   2  77   1   1   0  0  2 2.25  87 322 80 259 36 134  84   0  0    4  85  36 322  80 259 134  49  49 2.8205 
122   2  77   1   1   0  0  1 1.00  88  35 95 297 79 173 186   0  0    1 151  35  95 297  79 173 116 116 4.0799 
122   2  77   1   1   0  0  2 2.25  89  94 281 123 192 19 342   0  0    3 270 123  94 281 192  19 147 147 2.6928 
122   2  77   1   1   0  0  1 1.00  90 104 339 177 287 154 346   0  0    5 185 154 104 339 177 287  31  31 2.1018 
122   2  77   1   1   0  0  2 2.25  91 266 274 130 132 26 211   0  0    3 204 130 266 274 132  26  74  74 2.3235 
122   2  77   1   1   0  0  2 2.25  92 128 345 321 292 165 108   0  0    4 300 292 128 345 321 165   8   8 2.5281 
122   2  77   1   1   0  0  1 1.00  93 101 134 133 295 336  49   0  0    3 169 133 101 134 295 336  36  36 4.4079 
122   2  77   1   1   0  0  1 1.00  94 354 341 187 351 113 255   0  0    2   4 341 354 187 351 113  23  23 2.4904 
122   2  77   1   1   0  0  2 2.25  95 159 153 282 206 279 226   0  0    3 175 282 159 153 206 279 -107 107 6.8801 
122   2  77   1   1   0  0  2 2.25  96  50 234 217 330 52 226   0  0    5  60  52  50 234 217 330   8   8 2.6499 
122   2  77   1   1   0  0  1 1.00  97 284 164 18 345 344 308   0  0    2 178 164 284  18 345 344  14  14 2.4442 
122   2  77   1   1   0  0  1 1.00  98 309 227 120 225 46  34   0  0    4  39 225 309 227 120  46 174 174 4.6715 
122   2  77   1   1   0  0  2 2.25  99 128 186 242 93  9  92   0  0    3 240 242 128 186  93   9  -2   2 2.6997 
122   2  77   1   1   0  0  1 1.00 100 262 146 252 84 291 259   0  0    5  88 291 262 146 252  84 157 157 2.5319 
122   2  77   1   0   1  1  0 1.00   1 310 276 281 59  4 167   2  0    2 301 276 310 281  59   4  25  25 4.5037 
122   2  77   1   0   1  2  0 2.25   2  65 75 278 292 331  94   5  1    1 329  65  75 278 292 331 -96  96 3.3323 
122   2  77   1   0   1  2  0 2.25   3 210 11 37 53 315 246   5  3    3  48  37 210  11  53 315  11  11 2.6978 
122   2  77   1   0   1  1  0 1.00   4 276 181 152 204 306 112   3  0    3 213 152 276 181 204 306  61  61 1.7342 
122   2  77   1   1   1  2  0 2.25   1 110 334 161 187 118 333   3  1    1 105 110 334 161 187 118  -5   5 4.9307 
122   2  77   1   1   1  2  0 2.25   2 259 142 52 223 357 279   3  2    2 182 142 259  52 223 357  40  40 3.4543 
122   2  77   1   1   1  2  0 2.25   3 142 105 86 103 164  40   2  3    3 183  86 142 105 103 164  97  97 1.7184 
122   2  77   1   1   1  2  0 2.25   4 180 100 299 267 196 353   3  1    1 196 180 100 299 267 196  16  16 2.2137 
122   2  77   1   1   1  1  0 1.00   5 125 295 263 16 319 276   4  0    4 285  16 125 295 263 319 -91  91 3.7417 
122   2  77   1   1   1  2  0 2.25   6  59 301 257 198 22 106   2  4    4 346 198  59 301 257  22 148 148 3.1139 
122   2  77   1   1   1  1  0 1.00   7 158 129 111 41 112 185   1  0    1 157 158 129 111  41 112  -1   1 2.8531 
122   2  77   1   1   1  1  0 1.00   8 157 221 114 56 248 156   1  0    1 167 157 221 114  56 248  10  10 2.9385 
122   2  77   1   1   1  1  0 1.00   9 330 296 347 155 184 305   5  0    5 148 184 330 296 347 155 -36  36 4.4364 
122   2  77   1   1   1  1  0 1.00  10 183 83 216 259 114 115   3  0    3  98 216 183  83 259 114 -118 118 2.5368 
122   2  77   1   1   1  1  0 1.00  11 218 35  3 163 228 117   4  0    4 205 163 218  35   3 228  42  42 2.0112 
122   2  77   1   1   1  1  0 1.00  12 262 322 80 269 47 261   4  0    4  46 269 262 322  80  47 137 137 2.8355 
122   2  77   1   1   1  2  0 2.25  13   2 157 134 37 153 201   4  1    1 342   2 157 134  37 153 -20  20 1.8529 
122   2  77   1   1   1  1  0 1.00  14 316 248 193 295 349  64   5  0    5 340 349 316 248 193 295  -9   9 2.0994 
122   2  77   1   1   1  1  0 1.00  15  95 353 99 281 60 102   5  0    5  50  60  95 353  99 281 -10  10 2.4956 
122   2  77   1   1   1  1  0 1.00  16 265 198 350 203 235 283   4  0    4 281 203 265 198 350 235  78  78 2.4521 
122   2  77   1   1   1  2  0 2.25  17  43  3 280 336 315 225   3  4    4 326 336  43   3 280 315 -10  10 1.5732 
122   2  77   1   1   1  2  0 2.25  18  37 314 325 268 115 210   1  3    3 302 325  37 314 268 115 -23  23 1.4829 
122   2  77   1   1   1  1  0 1.00  19 201 311 324 328 128  54   2  0    2 326 311 201 324 328 128  15  15 2.4242 
122   2  77   1   1   1  2  0 2.25  20  25 114 308 347 325 313   4  2    2 118 114  25 308 347 325   4   4 2.6826 
122   2  77   1   1   1  2  0 2.25  21  77 268 211 123 246 191   5  3    3 189 211  77 268 123 246 -22  22 1.4669 
122   2  77   1   1   1  1  0 1.00  22 136 35 97 92 210 204   1  0    1 143 136  35  97  92 210   7   7 2.4331 
122   2  77   1   1   1  1  0 1.00  23  26  5 80 172 114  36   5  0    5 231 114  26   5  80 172 117 117 2.0476 
122   2  77   1   1   1  1  0 1.00  24 290 342 41 44 214 268   4  0    4 336  44 290 342  41 214 -68  68 3.0386 
122   2  77   1   1   1  2  0 2.25  25  71 318 156 37 114 227   4  2    2 284 318  71 156  37 114 -34  34 1.6877 
122   2  77   1   1   1  2  0 2.25  26 254 360 358 223 301  16   5  4    4 332 223 254 360 358 301 109 109 1.8077 
122   2  77   1   1   1  2  0 2.25  27 230 344 117 232 260 320   3  5    5 344 260 230 344 117 232  84  84 2.9555 
122   2  77   1   1   1  2  0 2.25  28 272 291 18 332 233  11   2  5    5 204 233 272 291  18 332 -29  29 1.5120 
122   2  77   1   1   1  1  0 1.00  29 166 312 196 286 238   6   2  0    2 317 312 166 196 286 238   5   5 1.8689 
122   2  77   1   1   1  2  0 2.25  30  75 60 38 192 291 200   5  1    1  68  75  60  38 192 291  -7   7 1.4780 
122   2  77   1   1   1  1  0 1.00  31  92 192 146 34 236 275   4  0    4 241  34  92 192 146 236 -153 153 3.2363 
122   2  77   1   1   1  1  0 1.00  32  82 44 194 18 298 178   2  0    2 160  44  82 194  18 298 116 116 1.8739 
122   2  77   1   1   1  1  0 1.00  33 193 285 225 104 33 179   3  0    3 248 225 193 285 104  33  23  23 1.2158 
122   2  77   1   1   1  1  0 1.00  34 327 98 44 284 271 195   5  0    5 291 271 327  98  44 284  20  20 1.7123 
122   2  77   1   1   1  2  0 2.25  35 235 299 198 37 101 131   2  4    4  43  37 235 299 198 101   6   6 1.3603 
122   2  77   1   1   1  1  0 1.00  36   9 204 294 193 292 238   3  0    3 297 294   9 204 193 292   3   3 1.5233 
122   2  77   1   1   1  1  0 1.00  37 295 138 294 151 215  55   2  0    2 316 138 295 294 151 215 178 178 1.3837 
122   2  77   1   1   1  1  0 1.00  38 160 248  7 170 130 194   1  0    1 163 160 248   7 170 130   3   3 1.4893 
122   2  77   1   1   1  2  0 2.25  39 112 87 288 327 81 127   4  1    1  59 112  87 288 327  81 -53  53 1.2182 
122   2  77   1   1   1  2  0 2.25  40 148 258 147 109 201 157   5  2    2 282 258 148 147 109 201  24  24 2.1899 
122   2  77   1   1   1  1  0 1.00  41 224 128 27 259 266  92   3  0    3  20  27 224 128 259 266  -7   7 1.4308 
122   2  77   1   1   1  1  0 1.00  42 222 18 228 326 360 153   3  0    3 236 228 222  18 326 360   8   8 1.6551 
122   2  77   1   1   1  1  0 1.00  43  59 76 261 196 132 115   2  0    2  57  76  59 261 196 132 -19  19 1.4060 
122   2  77   1   1   1  1  0 1.00  44 217 100 336 23 353 287   1  0    1 317 217 100 336  23 353 100 100 2.6548 
122   2  77   1   1   1  1  0 1.00  45   4 203 174 72 180 269   1  0    1   2   4 203 174  72 180  -2   2 1.7646 
122   2  77   1   1   1  1  0 1.00  46  58 360 113 43 167 112   2  0    2  56 360  58 113  43 167  56  56 1.1832 
122   2  77   1   1   1  2  0 2.25  47 314 55 218 15 289  67   1  4    4  51  15 314  55 218 289  36  36 1.4123 
122   2  77   1   1   1  1  0 1.00  48  40 84 239 328 30 192   5  0    5  53  30  40  84 239 328  23  23 1.9733 
122   2  77   1   1   1  2  0 2.25  49 184 334 198 313 341 289   5  3    3 158 198 184 334 313 341 -40  40 1.7703 
122   2  77   1   1   1  2  0 2.25  50 188 323 313 94 23  15   3  4    4 247  94 188 323 313  23 153 153 1.1035 
122   2  77   1   1   1  2  0 2.25  51  24 168 231 259 147 126   4  3    3 173 231  24 168 259 147 -58  58 1.6660 
122   2  77   1   1   1  1  0 1.00  52   3  8 116 201 101  59   1  0    1 357   3   8 116 201 101  -6   6 2.9920 
122   2  77   1   1   1  2  0 2.25  53  65 355 97 20 248  80   1  5    5 249 248  65 355  97  20   1   1 2.5872 
122   2  77   1   1   1  2  0 2.25  54 280 75 197 232 225 103   3  5    5 224 225 280  75 197 232  -1   1 1.4228 
122   2  77   1   1   1  1  0 1.00  55 224 280 290 255 186 180   3  0    3 285 290 224 280 255 186  -5   5 1.9751 
122   2  77   1   1   1  2  0 2.25  56 190 211 342 280 358  80   5  1    1 151 190 211 342 280 358 -39  39 2.0121 
122   2  77   1   1   1  2  0 2.25  57  16  1 88 187 171 359   3  1    1 360  16   1  88 187 171 -16  16 3.0717 
122   2  77   1   1   1  1  0 1.00  58 296 60 177 140 282 251   5  0    5 311 282 296  60 177 140  29  29 2.1082 
122   2  77   1   1   1  2  0 2.25  59  25 302 226 202 58 199   2  1    1  54  25 302 226 202  58  29  29 1.1077 
122   2  77   1   1   1  2  0 2.25  60 230 17 349 106 54 140   2  3    3 254 349 230  17 106  54 -95  95 4.5321 
122   2  77   1   1   1  1  0 1.00  61 161 129 307 269 82 159   2  0    2 146 129 161 307 269  82  17  17 2.9490 
122   2  77   1   1   1  2  0 2.25  62  13 45 223 357 317  32   4  2    2  60  45  13 223 357 317  15  15 1.7543 
122   2  77   1   1   1  2  0 2.25  63  23 104 122 189 320 340   3  2    2 112 104  23 122 189 320   8   8 2.1841 
122   2  77   1   1   1  1  0 1.00  64  47 294 232 117 321 216   2  0    2 293 294  47 232 117 321  -1   1 2.3050 
122   2  77   1   1   1  1  0 1.00  65  72 208 148 58 329 176   2  0    2 212 208  72 148  58 329   4   4 3.9329 
122   2  77   1   1   1  2  0 2.25  66 167 171 162 106 80 123   5  1    1 193 167 171 162 106  80  26  26 1.8497 
122   2  77   1   1   1  2  0 2.25  67 103 299 70 61 120 102   5  3    3  45  70 103 299  61 120 -25  25 1.5396 
122   2  77   1   1   1  2  0 2.25  68 306 130 290 26 106  39   5  3    3 317 290 306 130  26 106  27  27 1.6503 
122   2  77   1   1   1  1  0 1.00  69  20 269 203 38 80 229   4  0    4  32  38  20 269 203  80  -6   6 1.4570 
122   2  77   1   1   1  2  0 2.25  70 277 296 34 145 109 275   2  1    1 281 277 296  34 145 109   4   4 1.4752 
122   2  77   1   1   1  2  0 2.25  71 222 346 288 317 289  22   1  3    3 347 288 222 346 317 289  59  59 1.3808 
122   2  77   1   1   1  2  0 2.25  72 323 48 171 94 346  45   2  4    4  47  94 323  48 171 346 -47  47 1.6183 
122   2  77   1   1   1  1  0 1.00  73 286 42 260 43 63 181   5  0    5  24  63 286  42 260  43 -39  39 1.8105 
122   2  77   1   1   1  1  0 1.00  74 137 195 241 19 182  37   3  0    3 189 241 137 195  19 182 -52  52 1.5151 
122   2  77   1   1   1  1  0 1.00  75 336 254 75 329 113   1   1  0    1 330 336 254  75 329 113  -6   6 2.1673 
122   2  77   1   1   1  1  0 1.00  76 318 94  9 103  5 309   5  0    5 321   5 318  94   9 103 -44  44 2.1043 
122   2  77   1   1   1  2  0 2.25  77  71 104 275 197 255 216   1  2    2  50 104  71 275 197 255 -54  54 1.5517 
122   2  77   1   1   1  2  0 2.25  78 323 217 214 271 137 248   5  1    1 334 323 217 214 271 137  11  11 1.9578 
122   2  77   1   1   1  1  0 1.00  79 188 302 44 288 262   8   2  0    2 286 302 188  44 288 262 -16  16 1.3202 
122   2  77   1   1   1  2  0 2.25  80 323 37 301 125 158 331   1  4    4 168 125 323  37 301 158  43  43 1.1119 
122   2  77   1   1   1  2  0 2.25  81 237 334 315 309 39 261   2  5    5  66  39 237 334 315 309  27  27 1.7365 
122   2  77   1   1   1  2  0 2.25  82 128 106 10 46 63 272   1  5    5  90  63 128 106  10  46  27  27 1.3910 
122   2  77   1   1   1  1  0 1.00  83 205 300 245 125 339 257   2  0    2 243 300 205 245 125 339 -57  57 2.4887 
122   2  77   1   1   1  2  0 2.25  84 289 193 21 14 162 139   1  2    2 180 193 289  21  14 162 -13  13 1.2645 
122   2  77   1   1   1  1  0 1.00  85 213 160 269 312 285  73   1  0    1 169 213 160 269 312 285 -44  44 1.4949 
122   2  77   1   1   1  1  0 1.00  86 168 202 336 83 227 170   1  0    1 156 168 202 336  83 227 -12  12 2.0366 
122   2  77   1   1   1  1  0 1.00  87 257 204 111 328 186   2   2  0    2 175 204 257 111 328 186 -29  29 1.4755 
122   2  77   1   1   1  1  0 1.00  88 344 289 154 129 45 269   1  0    1   4 344 289 154 129  45  20  20 1.9138 
122   2  77   1   1   1  2  0 2.25  89 334 300 134 83 252 173   1  5    5 298 252 334 300 134  83  46  46 1.8255 
122   2  77   1   1   1  2  0 2.25  90 198 26  5 322 177 199   4  3    3  75   5 198  26 322 177  70  70 1.8366 
122   2  77   1   1   1  1  0 1.00  91 278 32 18 318 243 205   4  0    4 338 318 278  32  18 243  20  20 1.9879 
122   2  77   1   1   1  2  0 2.25  92  33 104 132 61 292 222   2  5    5 273 292  33 104 132  61 -19  19 1.6081 
122   2  77   1   1   1  2  0 2.25  93 248 136 159 285 45 108   4  5    5  54  45 248 136 159 285   9   9 1.7002 
122   2  77   1   1   1  1  0 1.00  94 107 339 99 311 287 274   3  0    3 109  99 107 339 311 287  10  10 4.6488 
122   2  77   1   1   1  1  0 1.00  95 292 28 260  5 334  41   2  0    2  69  28 292 260   5 334  41  41 2.7809 
122   2  77   1   1   1  2  0 2.25  96 136 197 201 25 110 305   5  1    1 173 136 197 201  25 110  37  37 1.3290 
122   2  77   1   1   1  1  0 1.00  97 334 72 188 90 268   5   2  0    2  47  72 334 188  90 268 -25  25 1.5494 
122   2  77   1   1   1  2  0 2.25  98 155 351 95 213 357 270   4  5    5 349 357 155 351  95 213  -8   8 2.6195 
122   2  77   1   1   1  2  0 2.25  99  46 138 132 334 245 285   5  2    2  38 138  46 132 334 245 -100 100 2.1498 
122   2  77   1   1   1  2  0 2.25 100 130 359 209 68 282  95   4  2    2 230 359 130 209  68 282 -129 129 2.3791 
