124   2  68   2   0   0  0  2 2.25   1 174 212 21 95 284 200   0  0    1 145 174 212  21  95 284 -29  29 6.6162 
124   2  68   2   0   0  0  1 1.00   2  25 305 316 71 302  44   0  0    3  72 316  25 305  71 302 116 116 7.1355 
124   2  68   2   0   0  0  2 2.25   3 331  1 269 161 150 179   0  0    2  79   1 331 269 161 150  78  78 6.7019 
124   2  68   2   0   0  0  1 1.00   4 262 282 355 336 160 127   0  0    5 352 160 262 282 355 336 -168 168 4.2819 
124   2  68   2   1   0  0  1 1.00   1  23 299 107 298 251  77   0  0    5 236 251  23 299 107 298 -15  15 4.5352 
124   2  68   2   1   0  0  2 2.25   2  20 203 168 95 239 152   0  0    5 210 239  20 203 168  95 -29  29 8.4565 
124   2  68   2   1   0  0  2 2.25   3 320 118 78 131 218  16   0  0    4 114 131 320 118  78 218 -17  17 5.9290 
124   2  68   2   1   0  0  2 2.25   4 109 69 262 226 197 300   0  0    4 220 226 109  69 262 197  -6   6 4.0976 
124   2  68   2   1   0  0  2 2.25   5 261 73 244 278 67 301   0  0    5 308  67 261  73 244 278 -119 119 3.6696 
124   2  68   2   1   0  0  1 1.00   6 325 229 166 248 23  53   0  0    3 190 166 325 229 248  23  24  24 6.3501 
124   2  68   2   1   0  0  2 2.25   7  59 244 349 66 105 295   0  0    5 299 105  59 244 349  66 -166 166 3.3336 
124   2  68   2   1   0  0  2 2.25   8 170 231 288 328 250  61   0  0    4 199 328 170 231 288 250 -129 129 3.6564 
124   2  68   2   1   0  0  2 2.25   9 135 44 349 100 174 288   0  0    4  96 100 135  44 349 174  -4   4 3.4623 
124   2  68   2   1   0  0  2 2.25  10 249 156 91 135 318  53   0  0    4  54 135 249 156  91 318 -81  81 3.3723 
124   2  68   2   1   0  0  2 2.25  11 146 109 44 99 231 272   0  0    4 113  99 146 109  44 231  14  14 4.0458 
124   2  68   2   1   0  0  2 2.25  12 262 159 190 81 329 183   0  0    5  57 329 262 159 190  81  88  88 10.7716 
124   2  68   2   1   0  0  1 1.00  13 227 263 140 101 260  16   0  0    1 199 227 263 140 101 260 -28  28 5.1770 
124   2  68   2   1   0  0  2 2.25  14 214 324 198 16 169 341   0  0    1 221 214 324 198  16 169   7   7 3.4164 
124   2  68   2   1   0  0  2 2.25  15  14 304 52 315 181 178   0  0    2   8 304  14  52 315 181  64  64 2.9118 
124   2  68   2   1   0  0  1 1.00  16  43 73 164 276 105 145   0  0    3  76 164  43  73 276 105 -88  88 3.8399 
124   2  68   2   1   0  0  2 2.25  17  19 62 54 110 68 174   0  0    4 170 110  19  62  54  68  60  60 3.1902 
124   2  68   2   1   0  0  2 2.25  18 264 202 95 137 68  12   0  0    4   4 137 264 202  95  68 -133 133 7.1112 
124   2  68   2   1   0  0  1 1.00  19 162 250 245 352 74 227   0  0    2 216 250 162 245 352  74 -34  34 3.2585 
124   2  68   2   1   0  0  2 2.25  20  87 252 13 88 68 330   0  0    3   7  13  87 252  88  68  -6   6 2.4488 
124   2  68   2   1   0  0  1 1.00  21 103 105 275 28 86 241   0  0    1 105 103 105 275  28  86   2   2 3.5153 
124   2  68   2   1   0  0  1 1.00  22 164 269 291 160 299 117   0  0    2  64 269 164 291 160 299 155 155 3.4020 
124   2  68   2   1   0  0  2 2.25  23  57 130 181 29 285 145   0  0    5   2 285  57 130 181  29  77  77 3.0182 
124   2  68   2   1   0  0  2 2.25  24  40 208 270 210 106 158   0  0    4 211 210  40 208 270 106   1   1 4.5540 
124   2  68   2   1   0  0  1 1.00  25  35 63 300 225 268 247   0  0    2  81  63  35 300 225 268  18  18 2.9823 
124   2  68   2   1   0  0  1 1.00  26 268 345 11 110 264 335   0  0    1 181 268 345  11 110 264 -87  87 14.2384 
124   2  68   2   1   0  0  2 2.25  27 341 54 268 195 312  37   0  0    3  66 268 341  54 195 312 158 158 2.9378 
124   2  68   2   1   0  0  2 2.25  28  33 95 221 55 167 281   0  0    4 219  55  33  95 221 167 164 164 5.2610 
124   2  68   2   1   0  0  2 2.25  29 194 274 85 84 91 282   0  0    5  89  91 194 274  85  84  -2   2 3.0732 
124   2  68   2   1   0  0  1 1.00  30 249 83 108 194 203 142   0  0    5 178 203 249  83 108 194 -25  25 3.6423 
124   2  68   2   1   0  0  1 1.00  31 346 25 55 217 71 269   0  0    2  33  25 346  55 217  71   8   8 3.3162 
124   2  68   2   1   0  0  1 1.00  32 352 157 29 79 12 354   0  0    4  25  79 352 157  29  12 -54  54 3.0432 
124   2  68   2   1   0  0  1 1.00  33 102 350 129 171 117  30   0  0    2 351 350 102 129 171 117   1   1 2.9178 
124   2  68   2   1   0  0  1 1.00  34  46 354 339 60 247 303   0  0    1  20  46 354 339  60 247 -26  26 5.0451 
124   2  68   2   1   0  0  1 1.00  35 209 201 40 134 339 316   0  0    4  79 134 209 201  40 339 -55  55 4.4295 
124   2  68   2   1   0  0  2 2.25  36 157 312 173 331 130 230   0  0    1 222 157 312 173 331 130  65  65 2.9078 
124   2  68   2   1   0  0  2 2.25  37 342 139 38 223 355  25   0  0    3  69  38 342 139 223 355  31  31 3.2484 
124   2  68   2   1   0  0  2 2.25  38 181 104 171 240 102 108   0  0    3 225 171 181 104 240 102  54  54 2.9987 
124   2  68   2   1   0  0  2 2.25  39  78 303 42 176 300 207   0  0    1 111  78 303  42 176 300  33  33 3.0872 
124   2  68   2   1   0  0  1 1.00  40 135 228 233 207 128 300   0  0    4 246 207 135 228 233 128  39  39 3.2718 
124   2  68   2   1   0  0  1 1.00  41 139 354 319 243 45  35   0  0    1 309 139 354 319 243  45 170 170 3.1769 
124   2  68   2   1   0  0  1 1.00  42 129 160 335 69 184 350   0  0    3  20 335 129 160  69 184  45  45 2.5499 
124   2  68   2   1   0  0  1 1.00  43 215 185 45 305 298 316   0  0    1 226 215 185  45 305 298  11  11 2.6124 
124   2  68   2   1   0  0  1 1.00  44 185 219 355 146 73 284   0  0    4  80 146 185 219 355  73 -66  66 2.3768 
124   2  68   2   1   0  0  1 1.00  45 163 28 174 155 106 204   0  0    2  58  28 163 174 155 106  30  30 2.7268 
124   2  68   2   1   0  0  1 1.00  46 217 57  8 333 138 105   0  0    3 346   8 217  57 333 138 -22  22 4.0144 
124   2  68   2   1   0  0  2 2.25  47 296 183 166 112 109 131   0  0    4 316 112 296 183 166 109 -156 156 3.0778 
124   2  68   2   1   0  0  2 2.25  48 309  7 320 282 68 268   0  0    4 200 282 309   7 320  68 -82  82 5.2196 
124   2  68   2   1   0  0  2 2.25  49 103 154 146 188 166 107   0  0    3 233 146 103 154 188 166  87  87 5.1129 
124   2  68   2   1   0  0  2 2.25  50 352 17 262 296 295  33   0  0    5 308 295 352  17 262 296  13  13 2.7071 
124   2  68   2   1   0  0  1 1.00  51 359  7 272 280 36 351   0  0    5 300  36 359   7 272 280 -96  96 2.5720 
124   2  68   2   1   0  0  2 2.25  52 327 151 179 343 218 256   0  0    4  38 343 327 151 179 218  55  55 3.0944 
124   2  68   2   1   0  0  1 1.00  53 283 339 219 183 322  25   0  0    5 316 322 283 339 219 183  -6   6 2.6789 
124   2  68   2   1   0  0  2 2.25  54 270 314 264 92 46 120   0  0    2 300 314 270 264  92  46 -14  14 3.5731 
124   2  68   2   1   0  0  1 1.00  55 131 177 183 105 213 216   0  0    1 299 131 177 183 105 213 168 168 5.1217 
124   2  68   2   1   0  0  1 1.00  56  73 191 164 81 217  92   0  0    4 234  81  73 191 164 217 153 153 2.6227 
124   2  68   2   1   0  0  1 1.00  57 273 349 112 121 12 314   0  0    5 321  12 273 349 112 121 -51  51 2.4984 
124   2  68   2   1   0  0  2 2.25  58 226 126 150 327 48 173   0  0    2 354 126 226 150 327  48 -132 132 2.9915 
124   2  68   2   1   0  0  1 1.00  59 281 40 172 168 31 183   0  0    1 212 281  40 172 168  31 -69  69 6.1641 
124   2  68   2   1   0  0  2 2.25  60 224 254 270 161 241 357   0  0    4 134 161 224 254 270 241 -27  27 5.0351 
124   2  68   2   1   0  0  1 1.00  61 337 189 134  8 63  29   0  0    2 338 189 337 134   8  63 149 149 2.6035 
124   2  68   2   1   0  0  1 1.00  62 127 139 132 90 109 250   0  0    3 142 132 127 139  90 109  10  10 3.5439 
124   2  68   2   1   0  0  2 2.25  63  52 85 285 127  5 340   0  0    2 324  85  52 285 127   5 -121 121 2.5225 
124   2  68   2   1   0  0  2 2.25  64 281 31 163 324 227 191   0  0    5 212 227 281  31 163 324 -15  15 2.8549 
124   2  68   2   1   0  0  2 2.25  65  44 50 175 197 324 242   0  0    3 246 175  44  50 197 324  71  71 2.5417 
124   2  68   2   1   0  0  2 2.25  66 221 36 228 11 214 226   0  0    1 230 221  36 228  11 214   9   9 8.6253 
124   2  68   2   1   0  0  2 2.25  67 110 38 211 178 216  18   0  0    3 221 211 110  38 178 216  10  10 5.0510 
124   2  68   2   1   0  0  1 1.00  68  11 158 132 101 68 161   0  0    3 103 132  11 158 101  68 -29  29 2.8186 
124   2  68   2   1   0  0  2 2.25  69 118 132 20 257 216 187   0  0    1  49 118 132  20 257 216 -69  69 3.1307 
124   2  68   2   1   0  0  1 1.00  70 205 53 85 258 295 165   0  0    3  83  85 205  53 258 295  -2   2 3.0491 
124   2  68   2   1   0  0  1 1.00  71 105 261 232 213 166 209   0  0    3 217 232 105 261 213 166 -15  15 4.1231 
124   2  68   2   1   0  0  2 2.25  72 325 227 263 340 166 237   0  0    4  40 340 325 227 263 166  60  60 2.1977 
124   2  68   2   1   0  0  1 1.00  73 228 104 202 306 13  38   0  0    5 338  13 228 104 202 306 -35  35 3.7546 
124   2  68   2   1   0  0  1 1.00  74  13 271 292 128 212 324   0  0    5 201 212  13 271 292 128 -11  11 4.6877 
124   2  68   2   1   0  0  1 1.00  75   3 113 199 216 79  38   0  0    2  58 113   3 199 216  79 -55  55 3.1184 
124   2  68   2   1   0  0  1 1.00  76  51 245 230 229 61 232   0  0    1  31  51 245 230 229  61 -20  20 2.7817 
124   2  68   2   1   0  0  2 2.25  77 314 346 214 312 170   8   0  0    1  70 314 346 214 312 170 116 116 2.7832 
124   2  68   2   1   0  0  1 1.00  78  45 246 220  7 284  70   0  0    4 199   7  45 246 220 284 -168 168 5.7640 
124   2  68   2   1   0  0  2 2.25  79 280 292 251 181 77 254   0  0    4 228 181 280 292 251  77  47  47 6.4754 
124   2  68   2   1   0  0  2 2.25  80 201 14 25 26 13 202   0  0    5  34  13 201  14  25  26  21  21 6.7574 
124   2  68   2   1   0  0  2 2.25  81 241 50 359 236 37 181   0  0    4 335 236 241  50 359  37  99  99 3.4597 
124   2  68   2   1   0  0  1 1.00  82 172 231 280 264 251 304   0  0    4 199 264 172 231 280 251 -65  65 3.3652 
124   2  68   2   1   0  0  2 2.25  83 332 333 266 156 243  76   0  0    5 237 243 332 333 266 156  -6   6 4.3826 
124   2  68   2   1   0  0  2 2.25  84 241 107 69 196 332  51   0  0    4 181 196 241 107  69 332 -15  15 4.3343 
124   2  68   2   1   0  0  1 1.00  85 213 40 38 89 356 275   0  0    4  41  89 213  40  38 356 -48  48 3.2354 
124   2  68   2   1   0  0  2 2.25  86 264 210 294 300 16 258   0  0    1 177 264 210 294 300  16 -87  87 3.4984 
124   2  68   2   1   0  0  1 1.00  87 328 272 84 33 11 203   0  0    4 360  33 328 272  84  11 -33  33 2.0978 
124   2  68   2   1   0  0  1 1.00  88 287 240 317 10 142 355   0  0    3  47 317 287 240  10 142  90  90 3.3308 
124   2  68   2   1   0  0  2 2.25  89  59 327 349 105 338  62   0  0    2 312 327  59 349 105 338 -15  15 9.1176 
124   2  68   2   1   0  0  1 1.00  90 261  2 325 207 32  81   0  0    2  10   2 261 325 207  32   8   8 4.2787 
124   2  68   2   1   0  0  1 1.00  91 344 213 159 85 234 130   0  0    3 335 159 344 213  85 234 176 176 5.2625 
124   2  68   2   1   0  0  1 1.00  92 193 94 15 272 227  56   0  0    2 241  94 193  15 272 227 147 147 8.5579 
124   2  68   2   1   0  0  2 2.25  93 139 336 45 109 354  87   0  0    2  78 336 139  45 109 354 102 102 3.3302 
124   2  68   2   1   0  0  1 1.00  94 342 287 293 354 51  65   0  0    4 352 354 342 287 293  51  -2   2 2.5932 
124   2  68   2   1   0  0  2 2.25  95 227 235 85  6 137  37   0  0    2 228 235 227  85   6 137  -7   7 3.8028 
124   2  68   2   1   0  0  1 1.00  96  10 150 112 316 15 191   0  0    4 338 316  10 150 112  15  22  22 2.8219 
124   2  68   2   1   0  0  1 1.00  97  93 350 155 33 103 206   0  0    5  50 103  93 350 155  33 -53  53 3.2174 
124   2  68   2   1   0  0  1 1.00  98 350 253 303 47 280 343   0  0    5  44 280 350 253 303  47 124 124 4.3004 
124   2  68   2   1   0  0  2 2.25  99 301 12 334 231 44 205   0  0    3 360 334 301  12 231  44  26  26 5.5915 
124   2  68   2   1   0  0  1 1.00 100  90 171 77 138 44  17   0  0    2  66 171  90  77 138  44 -105 105 3.4812 
124   2  68   2   0   1  1  0 1.00   1 161 153 224 276 326 270   4  0    4  45 276 161 153 224 326 129 129 4.0114 
124   2  68   2   0   1  2  0 2.25   2  12 268 151 329 245 241   4  3    3 288 151  12 268 329 245 137 137 1.9568 
124   2  68   2   0   1  2  0 2.25   3 139 304 234 232 292 128   5  4    4 231 232 139 304 234 292  -1   1 1.6424 
124   2  68   2   0   1  1  0 1.00   4 266 313 76 165 201  68   2  0    2  57 313 266  76 165 201 104 104 2.3138 
124   2  68   2   1   1  2  0 2.25   1 123  8 260 278 151  25   1  3    3 311 260 123   8 278 151  51  51 3.8092 
124   2  68   2   1   1  1  0 1.00   2 335 144 120 341 55 290   4  0    4 331 341 335 144 120  55 -10  10 6.3033 
124   2  68   2   1   1  2  0 2.25   3  59 228 338 337 329 248   5  2    2 234 228  59 338 337 329   6   6 4.4341 
124   2  68   2   1   1  1  0 1.00   4  92 52 39 134 48  29   5  0    5   3  48  92  52  39 134 -45  45 4.8782 
124   2  68   2   1   1  2  0 2.25   5  79 321 355 86 198 286   2  3    3   1 355  79 321  86 198   6   6 2.3399 
124   2  68   2   1   1  1  0 1.00   6 229 261 121 278 46  64   2  0    2 296 261 229 121 278  46  35  35 3.8704 
124   2  68   2   1   1  2  0 2.25   7 344 255 234 238 152  73   4  3    3 214 234 344 255 238 152 -20  20 5.8772 
124   2  68   2   1   1  2  0 2.25   8 209 320 30 86 183 178   5  1    1 230 209 320  30  86 183  21  21 2.1297 
124   2  68   2   1   1  2  0 2.25   9 215 180 20 28 15  96   5  4    4 337  28 215 180  20  15 -51  51 2.8557 
124   2  68   2   1   1  2  0 2.25  10   4 34 218 322 177  54   1  5    5 222 177   4  34 218 322  45  45 2.1682 
124   2  68   2   1   1  1  0 1.00  11 233 212 291 342 29 254   4  0    4  34 342 233 212 291  29  52  52 2.6017 
124   2  68   2   1   1  2  0 2.25  12  79  2 136 251 61 236   2  5    5  29  61  79   2 136 251 -32  32 4.8685 
124   2  68   2   1   1  1  0 1.00  13  56 287 202 165 193  54   1  0    1 313  56 287 202 165 193 -103 103 6.7349 
124   2  68   2   1   1  2  0 2.25  14 332 61 338 89 276 191   5  1    1 316 332  61 338  89 276 -16  16 3.1598 
124   2  68   2   1   1  1  0 1.00  15  41 192 241 89 292  67   5  0    5  84 292  41 192 241  89 152 152 2.6168 
124   2  68   2   1   1  2  0 2.25  16 243 24 263 193 14  74   2  3    3 227 263 243  24 193  14 -36  36 2.2189 
124   2  68   2   1   1  2  0 2.25  17 108 74 236 256 127  34   1  2    2  40  74 108 236 256 127 -34  34 2.6616 
124   2  68   2   1   1  1  0 1.00  18 329 263 343 284 129 121   1  0    1 324 329 263 343 284 129  -5   5 3.2591 
124   2  68   2   1   1  1  0 1.00  19  95 102 160 330 242 275   3  0    3 166 160  95 102 330 242   6   6 2.1360 
124   2  68   2   1   1  1  0 1.00  20 358 191 304 237 172 355   5  0    5  11 172 358 191 304 237 -161 161 2.9869 
124   2  68   2   1   1  1  0 1.00  21  84 319 318 149 148   5   3  0    3 296 318  84 319 149 148 -22  22 3.5147 
124   2  68   2   1   1  2  0 2.25  22 344 224 142 181 16 221   4  5    5  75  16 344 224 142 181  59  59 3.5118 
124   2  68   2   1   1  1  0 1.00  23 268 14 139  9  3  17   1  0    1 201 268  14 139   9   3 -67  67 4.7863 
124   2  68   2   1   1  2  0 2.25  24 307 99 253 201 86 354   3  4    4 215 201 307  99 253  86  14  14 2.3154 
124   2  68   2   1   1  2  0 2.25  25 226 188 62  3  5 300   3  5    5 320   5 226 188  62   3 -45  45 2.2660 
124   2  68   2   1   1  2  0 2.25  26  91  1 336 74  5 153   4  3    3 284 336  91   1  74   5 -52  52 2.3672 
124   2  68   2   1   1  1  0 1.00  27 132 187 346 184 134 355   2  0    2 163 187 132 346 184 134 -24  24 2.6644 
124   2  68   2   1   1  1  0 1.00  28  69 161  9 332 11 110   3  0    3 353   9  69 161 332  11 -16  16 3.1093 
124   2  68   2   1   1  2  0 2.25  29 349 275 132 354 131 358   4  3    3  32 132 349 275 354 131 -100 100 18.9153 
124   2  68   2   1   1  2  0 2.25  30  63 67 286 325  7 291   1  5    5 211   7  63  67 286 325 -156 156 22.1116 
124   2  68   2   1   1  1  0 1.00  31 103 326 35 151 93 341   1  0    1  71 103 326  35 151  93 -32  32 2.3101 
124   2  68   2   1   1  1  0 1.00  32 262 141 128 332 66 223   5  0    5  55  66 262 141 128 332 -11  11 2.3621 
124   2  68   2   1   1  1  0 1.00  33 136 226 14 105 116 242   4  0    4  69 105 136 226  14 116 -36  36 5.8921 
124   2  68   2   1   1  1  0 1.00  34 111 81 292 125 113 331   5  0    5 108 113 111  81 292 125  -5   5 2.9727 
124   2  68   2   1   1  2  0 2.25  35 302 167 240 13 59 278   5  2    2 234 167 302 240  13  59  67  67 1.8404 
124   2  68   2   1   1  1  0 1.00  36 105 128 136 167 177 353   2  0    2 120 128 105 136 167 177  -8   8 2.4475 
124   2  68   2   1   1  1  0 1.00  37 181 314 338 272 325 260   4  0    4 275 272 181 314 338 325   3   3 2.1494 
124   2  68   2   1   1  2  0 2.25  38 269 209 116  4 99  72   3  5    5  99  99 269 209 116   4   0   0 3.9467 
124   2  68   2   1   1  1  0 1.00  39  14 135 329 309 145 294   1  0    1 353  14 135 329 309 145 -21  21 2.2915 
124   2  68   2   1   1  1  0 1.00  40 219 360 298 316 43 262   4  0    4 302 316 219 360 298  43 -14  14 4.1361 
124   2  68   2   1   1  1  0 1.00  41 211 238 226 264 114 226   5  0    5  59 114 211 238 226 264 -55  55 2.4727 
124   2  68   2   1   1  2  0 2.25  42 261 101 222 140 203 266   4  2    2  73 101 261 222 140 203 -28  28 2.5210 
124   2  68   2   1   1  1  0 1.00  43  95 357 63 218 210 226   5  0    5 219 210  95 357  63 218   9   9 2.5080 
124   2  68   2   1   1  1  0 1.00  44 189 288 192 227 69 152   2  0    2 309 288 189 192 227  69  21  21 2.3518 
124   2  68   2   1   1  2  0 2.25  45 250 85 333  2 222 301   5  4    4  62   2 250  85 333 222  60  60 1.9650 
124   2  68   2   1   1  2  0 2.25  46 342 238 10 285 88 203   1  4    4 280 285 342 238  10  88  -5   5 4.6498 
124   2  68   2   1   1  1  0 1.00  47 292 314 146 223 182 248   1  0    1   6 292 314 146 223 182  74  74 2.3092 
124   2  68   2   1   1  2  0 2.25  48   9 317 161 98 17  56   4  3    3 203 161   9 317  98  17  42  42 1.8284 
124   2  68   2   1   1  2  0 2.25  49 325 320 157 141 14 214   1  4    4 354 141 325 320 157  14 -147 147 1.9914 
124   2  68   2   1   1  1  0 1.00  50 110 303 349 268 70  66   4  0    4  56 268 110 303 349  70 148 148 5.0883 
124   2  68   2   1   1  2  0 2.25  51 165 124 288 330  4 326   4  2    2 290 124 165 288 330   4 166 166 3.3331 
124   2  68   2   1   1  2  0 2.25  52 238 82 182 46 277  90   3  4    4 350  46 238  82 182 277 -56  56 2.4259 
124   2  68   2   1   1  1  0 1.00  53  87 148 133 189 63 214   5  0    5 299  63  87 148 133 189 -124 124 5.1369 
124   2  68   2   1   1  1  0 1.00  54  46 264 256 327 329 272   1  0    1 360  46 264 256 327 329 -46  46 6.4803 
124   2  68   2   1   1  1  0 1.00  55 193 36 221 101 113 284   1  0    1 166 193  36 221 101 113 -27  27 4.8330 
124   2  68   2   1   1  2  0 2.25  56 315 243 81 87 249 358   3  4    4  65  87 315 243  81 249 -22  22 3.2320 
124   2  68   2   1   1  1  0 1.00  57  45 179 319 259 206 276   1  0    1 188  45 179 319 259 206 143 143 2.1176 
124   2  68   2   1   1  2  0 2.25  58 241 45 135 51  7 152   4  2    2 301  45 241 135  51   7 -104 104 4.8762 
124   2  68   2   1   1  1  0 1.00  59 108 194 169 69 58 181   2  0    2 200 194 108 169  69  58   6   6 4.0626 
124   2  68   2   1   1  1  0 1.00  60 245 340 351 69 140  84   5  0    5 316 140 245 340 351  69 176 176 4.4026 
124   2  68   2   1   1  2  0 2.25  61 154 269 163 184 332 205   3  4    4 238 184 154 269 163 332  54  54 2.0834 
124   2  68   2   1   1  2  0 2.25  62  75 225 113 122 268 358   5  1    1 213  75 225 113 122 268 138 138 3.6195 
124   2  68   2   1   1  1  0 1.00  63 318 185 53 28 101 180   4  0    4 289  28 318 185  53 101 -99  99 2.2493 
124   2  68   2   1   1  1  0 1.00  64  78 284 107 189 33 320   2  0    2 347 284  78 107 189  33  63  63 2.4553 
124   2  68   2   1   1  2  0 2.25  65 187 204 257 109 46 242   1  4    4 281 109 187 204 257  46 172 172 2.5844 
124   2  68   2   1   1  1  0 1.00  66 258 93 235 341 267 301   1  0    1 209 258  93 235 341 267 -49  49 2.3527 
124   2  68   2   1   1  2  0 2.25  67 101 65 131 207 78  54   4  1    1  79 101  65 131 207  78 -22  22 2.2218 
124   2  68   2   1   1  2  0 2.25  68 243 24 99 248 73 253   5  1    1 242 243  24  99 248  73  -1   1 2.0884 
124   2  68   2   1   1  1  0 1.00  69  54 156 297 108 339 110   3  0    3 296 297  54 156 108 339  -1   1 3.0933 
124   2  68   2   1   1  2  0 2.25  70 145 131 211 13 250 212   5  4    4  16  13 145 131 211 250   3   3 2.5962 
124   2  68   2   1   1  1  0 1.00  71  60 162  4 251 304  92   3  0    3   7   4  60 162 251 304   3   3 3.5006 
124   2  68   2   1   1  2  0 2.25  72 147 68 343 206 29  83   4  5    5  75  29 147  68 343 206  46  46 3.2823 
124   2  68   2   1   1  1  0 1.00  73 203 190 224 213 242  38   2  0    2 224 190 203 224 213 242  34  34 2.2699 
124   2  68   2   1   1  2  0 2.25  74 141 262 357 140 276 107   5  2    2 265 262 141 357 140 276   3   3 6.8944 
124   2  68   2   1   1  2  0 2.25  75  52  1 221 356 65 120   4  2    2 328   1  52 221 356  65 -33  33 3.2251 
124   2  68   2   1   1  1  0 1.00  76 349 32 292 35 73 291   1  0    1   6 349  32 292  35  73  17  17 2.5213 
124   2  68   2   1   1  2  0 2.25  77 136 205 339 94 54 231   5  4    4  74  94 136 205 339  54 -20  20 3.1596 
124   2  68   2   1   1  1  0 1.00  78 353 105 334 127 348  66   4  0    4 120 127 353 105 334 348  -7   7 2.3286 
124   2  68   2   1   1  2  0 2.25  79 241 336 309 302 225  93   4  3    3 237 309 241 336 302 225 -72  72 6.4870 
124   2  68   2   1   1  1  0 1.00  80 174 247 328 89 308  19   4  0    4 334  89 174 247 328 308 -115 115 2.3190 
124   2  68   2   1   1  2  0 2.25  81 149 214 339 237 283 138   1  5    5 280 283 149 214 339 237  -3   3 2.8134 
124   2  68   2   1   1  2  0 2.25  82 241 10 266 33 304 327   1  4    4  63  33 241  10 266 304  30  30 3.0795 
124   2  68   2   1   1  2  0 2.25  83  92 52 133 18 184   2   5  4    4 322  18  92  52 133 184 -56  56 3.2630 
124   2  68   2   1   1  1  0 1.00  84  90 126 18 257 47  79   3  0    3 227  18  90 126 257  47 -151 151 4.5479 
124   2  68   2   1   1  2  0 2.25  85 124 158 215 267 16 196   3  5    5 351  16 124 158 215 267 -25  25 2.4073 
124   2  68   2   1   1  2  0 2.25  86 353 30 319 18  3 148   4  5    5 311   3 353  30 319  18 -52  52 3.5703 
124   2  68   2   1   1  2  0 2.25  87 298 139 327 119 161 184   5  4    4 160 119 298 139 327 161  41  41 3.9574 
124   2  68   2   1   1  1  0 1.00  88 131 209 98 301 77 230   5  0    5 284  77 131 209  98 301 -153 153 2.5415 
124   2  68   2   1   1  1  0 1.00  89  86 206 214 291 332  75   5  0    5  49 332  86 206 214 291  77  77 4.2718 
124   2  68   2   1   1  2  0 2.25  90 101 59 216 25 131   1   5  1    1 170 101  59 216  25 131  69  69 2.6701 
124   2  68   2   1   1  1  0 1.00  91 174 70 203 155 324 275   1  0    1  54 174  70 203 155 324 -120 120 39.4743 
124   2  68   2   1   1  1  0 1.00  92 263 143 226 180 176 353   5  0    5 191 176 263 143 226 180  15  15 2.9916 
124   2  68   2   1   1  2  0 2.25  93 267 153 338 124 292 277   2  1    1 198 267 153 338 124 292 -69  69 4.1866 
124   2  68   2   1   1  1  0 1.00  94  79 182 203  6 91  81   5  0    5  75  91  79 182 203   6 -16  16 6.0891 
124   2  68   2   1   1  1  0 1.00  95 229 51 302 144 282 188   1  0    1 226 229  51 302 144 282  -3   3 3.4335 
124   2  68   2   1   1  2  0 2.25  96 168 257 333 120 287 183   3  2    2 266 257 168 333 120 287   9   9 2.6501 
124   2  68   2   1   1  1  0 1.00  97 228 120 186 127  1  89   4  0    4 102 127 228 120 186   1 -25  25 6.0075 
124   2  68   2   1   1  2  0 2.25  98 165 200 352 27 117 257   4  1    1 346 165 200 352  27 117 -179 179 1.7427 
124   2  68   2   1   1  2  0 2.25  99 204 72 184  5 31 280   3  5    5  63  31 204  72 184   5  32  32 3.9891 
124   2  68   2   1   1  1  0 1.00 100 190 192 218 198 162 275   2  0    2 168 192 190 218 198 162 -24  24 7.1158 
