 15   1  18   1   0   1  2  0 2.25   1 329 17 90 68 278 165   4  1    1 336 329  17  90  68 278   7   7 4.3850 
 15   1  18   1   0   1  2  0 2.25   2  81 256 201 231 90 163   2  1    1  67  81 256 201 231  90 -14  14 3.0339 
 15   1  18   1   0   1  1  0 1.00   3   4 205 285 271 269 226   4  0    4 279 271   4 205 285 269   8   8 3.0797 
 15   1  18   1   0   1  1  0 1.00   4 177 294 56 173 45 226   4  0    4 182 173 177 294  56  45   9   9 2.4121 
 15   1  18   1   1   1  2  0 2.25   1  60 66 239 99 288 127   5  4    4 100  99  60  66 239 288   1   1 2.2629 
 15   1  18   1   1   1  2  0 2.25   2 353 216 233 259 296 191   1  4    4 270 259 353 216 233 296  11  11 4.1674 
 15   1  18   1   1   1  2  0 2.25   3  13  5 51 113 332 163   3  1    1 355  13   5  51 113 332 -18  18 2.5458 
 15   1  18   1   1   1  1  0 1.00   4 281 339 232 49 203 234   3  0    3 234 232 281 339  49 203   2   2 6.1961 
 15   1  18   1   1   1  2  0 2.25   5 343 86 47 147 33 222   4  2    2 101  86 343  47 147  33  15  15 7.0116 
 15   1  18   1   1   1  2  0 2.25   6 135 224 259 120 296  54   2  5    5 290 296 135 224 259 120  -6   6 2.6095 
 15   1  18   1   1   1  2  0 2.25   7 154 20 305 331 141 358   5  1    1 164 154  20 305 331 141  10  10 7.1643 
 15   1  18   1   1   1  2  0 2.25   8 224 279  1 68 151 316   4  5    5 156 151 224 279   1  68   5   5 4.2680 
 15   1  18   1   1   1  1  0 1.00   9 114 98 331 192 66 103   3  0    3 300 331 114  98 192  66 -31  31 5.2071 
 15   1  18   1   1   1  1  0 1.00  10 300 311 59 268 233 348   4  0    4 282 268 300 311  59 233  14  14 3.4678 
 15   1  18   1   1   1  1  0 1.00  11  44  8 307 247 341 338   5  0    5 312 341  44   8 307 247 -29  29 2.4478 
 15   1  18   1   1   1  1  0 1.00  12 116 292 276 296 121 247   4  0    4 288 296 116 292 276 121  -8   8 3.8776 
 15   1  18   1   1   1  1  0 1.00  13 219 212 43 308 93 144   3  0    3  41  43 219 212 308  93  -2   2 2.2731 
 15   1  18   1   1   1  1  0 1.00  14  19 127 297 231 179  15   1  0    1   6  19 127 297 231 179 -13  13 2.4385 
 15   1  18   1   1   1  1  0 1.00  15  80 145 141 78 108 150   2  0    2 162 145  80 141  78 108  17  17 1.5090 
 15   1  18   1   1   1  2  0 2.25  16  16 56 360  6 220   7   2  4    4 338   6  16  56 360 220 -28  28 2.9571 
 15   1  18   1   1   1  1  0 1.00  17  73 262 132 127 108 303   5  0    5 121 108  73 262 132 127  13  13 4.3903 
 15   1  18   1   1   1  2  0 2.25  18 226 79 194 263 279  13   3  2    2  78  79 226 194 263 279  -1   1 2.3518 
 15   1  18   1   1   1  2  0 2.25  19  48 336 100 205 192 228   1  3    3 103 100  48 336 205 192   3   3 2.6850 
 15   1  18   1   1   1  1  0 1.00  20 282 176 77 145 44  37   3  0    3  83  77 282 176 145  44   6   6 2.4811 
 15   1  18   1   1   1  2  0 2.25  21  42 174 81 344 63 135   4  5    5  83  63  42 174  81 344  20  20 4.0568 
 15   1  18   1   1   1  1  0 1.00  22  11  8 324 76 52  40   3  0    3 301 324  11   8  76  52 -23  23 2.7328 
 15   1  18   1   1   1  2  0 2.25  23 261 174 320 138 301 224   3  4    4 131 138 261 174 320 301  -7   7 1.9942 
 15   1  18   1   1   1  2  0 2.25  24  48 84 106 306 265  63   1  4    4 310 306  48  84 106 265   4   4 3.1583 
 15   1  18   1   1   1  1  0 1.00  25 173 108 220 200 86 217   2  0    2 100 108 173 220 200  86  -8   8 2.5274 
 15   1  18   1   1   1  1  0 1.00  26 349 135 107 124 312 351   3  0    3 106 107 349 135 124 312  -1   1 2.1273 
 15   1  18   1   1   1  2  0 2.25  27 208  7 21 30 241 260   1  3    3  19  21 208   7  30 241  -2   2 3.6539 
 15   1  18   1   1   1  2  0 2.25  28 270 261 280 10 88  90   3  1    1 274 270 261 280  10  88   4   4 1.8217 
 15   1  18   1   1   1  2  0 2.25  29  34 189 18 252 151 215   5  1    1  27  34 189  18 252 151  -7   7 3.4407 
 15   1  18   1   1   1  2  0 2.25  30 129 31 102 243 348 232   3  1    1 137 129  31 102 243 348   8   8 2.3933 
 15   1  18   1   1   1  1  0 1.00  31 223 63 148 114 190  14   4  0    4 117 114 223  63 148 190   3   3 3.2979 
 15   1  18   1   1   1  1  0 1.00  32 113 221 305 352  2  91   4  0    4 350 352 113 221 305   2  -2   2 1.6847 
 15   1  18   1   1   1  2  0 2.25  33  36 203 142 76 212  58   1  2    2 214 203  36 142  76 212  11  11 2.4372 
 15   1  18   1   1   1  1  0 1.00  34  94 134 321 302 343  11   4  0    4 290 302  94 134 321 343 -12  12 2.8757 
 15   1  18   1   1   1  2  0 2.25  35 345 240 81 344 182  60   2  3    3  79  81 345 240 344 182  -2   2 3.2516 
 15   1  18   1   1   1  1  0 1.00  36 193 146 195 196 311 325   1  0    1 192 193 146 195 196 311  -1   1 2.7605 
 15   1  18   1   1   1  2  0 2.25  37 150 255 209 15 97 203   5  2    2 263 255 150 209  15  97   8   8 3.5092 
 15   1  18   1   1   1  1  0 1.00  38 360 348 354 224 135 243   4  0    4 229 224 360 348 354 135   5   5 1.9199 
 15   1  18   1   1   1  1  0 1.00  39 304 16 87 275 330 146   5  0    5 351 330 304  16  87 275  21  21 1.9076 
 15   1  18   1   1   1  1  0 1.00  40 277 274 180 145 269 266   1  0    1 276 277 274 180 145 269  -1   1 3.1279 
 15   1  18   1   1   1  2  0 2.25  41 332 292 64 284 297 358   5  3    3  86  64 332 292 284 297  22  22 4.1015 
 15   1  18   1   1   1  1  0 1.00  42 286 234 201 264 297 217   2  0    2 232 234 286 201 264 297  -2   2 2.2635 
 15   1  18   1   1   1  1  0 1.00  43 149 241 57 32 310 262   2  0    2 238 241 149  57  32 310  -3   3 1.9248 
 15   1  18   1   1   1  1  0 1.00  44 249 244 218 60 19 188   3  0    3 212 218 249 244  60  19  -6   6 1.5766 
 15   1  18   1   1   1  1  0 1.00  45   7 276 314 194 113 265   5  0    5 122 113   7 276 314 194   9   9 1.4187 
 15   1  18   1   1   1  2  0 2.25  46  11 108 312 24 23 171   1  3    3 294 312  11 108  24  23 -18  18 4.1901 
 15   1  18   1   1   1  1  0 1.00  47 113 293 166 108 268 294   2  0    2 285 293 113 166 108 268  -8   8 1.5567 
 15   1  18   1   1   1  1  0 1.00  48 310 291 240 88 237 130   4  0    4  81  88 310 291 240 237  -7   7 2.5595 
 15   1  18   1   1   1  1  0 1.00  49   1 283 87 135 139 173   5  0    5 169 139   1 283  87 135  30  30 3.4012 
 15   1  18   1   1   1  2  0 2.25  50 322 313 41 301 242  40   5  2    2 292 313 322  41 301 242 -21  21 3.5632 
 15   1  18   1   1   1  2  0 2.25  51 252 275 171 324 118 359   2  1    1 240 252 275 171 324 118 -12  12 1.8372 
 15   1  18   1   1   1  1  0 1.00  52  42 196 274 100 164  14   4  0    4 132 100  42 196 274 164  32  32 2.1804 
 15   1  18   1   1   1  2  0 2.25  53  50 170 325 106 306 318   3  4    4  99 106  50 170 325 306  -7   7 3.4243 
 15   1  18   1   1   1  2  0 2.25  54 118 317 181 138 328 283   5  1    1 125 118 317 181 138 328   7   7 1.8176 
 15   1  18   1   1   1  2  0 2.25  55  34 84 51 157 194  44   5  4    4 140 157  34  84  51 194 -17  17 2.4286 
 15   1  18   1   1   1  1  0 1.00  56 356 120 43 25 114 134   4  0    4  31  25 356 120  43 114   6   6 1.8678 
 15   1  18   1   1   1  1  0 1.00  57 357 150 283 43 197 323   1  0    1 356 357 150 283  43 197  -1   1 1.6096 
 15   1  18   1   1   1  2  0 2.25  58 326  4 264 188 90 231   4  3    3 261 264 326   4 188  90  -3   3 3.0296 
 15   1  18   1   1   1  1  0 1.00  59 118 189 117 77 312 119   2  0    2 206 189 118 117  77 312  17  17 2.1641 
 15   1  18   1   1   1  2  0 2.25  60 147 354 250 181 209 104   5  3    3 251 250 147 354 181 209   1   1 4.5208 
 15   1  18   1   1   1  2  0 2.25  61 152 24 183 241 334 141   5  4    4 250 241 152  24 183 334   9   9 1.8448 
 15   1  18   1   1   1  2  0 2.25  62 140 255 87 266 80 354   4  5    5  86  80 140 255  87 266   6   6 2.6391 
 15   1  18   1   1   1  1  0 1.00  63 259 80 158 263 269 106   1  0    1 258 259  80 158 263 269  -1   1 3.7414 
 15   1  18   1   1   1  1  0 1.00  64 145 161 293 100 238 334   1  0    1 172 145 161 293 100 238  27  27 2.4544 
 15   1  18   1   1   1  1  0 1.00  65 146 192 335 312 290 341   5  0    5 297 290 146 192 335 312   7   7 1.6683 
 15   1  18   1   1   1  1  0 1.00  66  67 61 318  4 149 285   5  0    5 166 149  67  61 318   4  17  17 3.4662 
 15   1  18   1   1   1  1  0 1.00  67 178 118 144 224 192 156   1  0    1 176 178 118 144 224 192  -2   2 1.9102 
 15   1  18   1   1   1  2  0 2.25  68 179 191 41 344 32 108   1  3    3  36  41 179 191 344  32  -5   5 1.4939 
 15   1  18   1   1   1  2  0 2.25  69  20 134 285 226 326 222   4  5    5 324 326  20 134 285 226  -2   2 3.9186 
 15   1  18   1   1   1  2  0 2.25  70 250 315 107 53 212 244   1  2    2 317 315 250 107  53 212   2   2 1.8994 
 15   1  18   1   1   1  2  0 2.25  71 311 202 15 310 154 189   3  4    4 308 310 311 202  15 154  -2   2 2.9150 
 15   1  18   1   1   1  1  0 1.00  72 231 347 201 317 268  81   3  0    3 202 201 231 347 317 268   1   1 2.9416 
 15   1  18   1   1   1  2  0 2.25  73 187 109 122 293 20  29   5  2    2 125 109 187 122 293  20  16  16 3.3067 
 15   1  18   1   1   1  2  0 2.25  74  13 316 35 244 75 177   3  5    5  52  75  13 316  35 244 -23  23 5.5687 
 15   1  18   1   1   1  2  0 2.25  75   6 205 309 44 163 107   1  4    4  50  44   6 205 309 163   6   6 1.7056 
 15   1  18   1   1   1  1  0 1.00  76 353 102 254 71 325  77   2  0    2  95 102 353 254  71 325  -7   7 2.5821 
 15   1  18   1   1   1  1  0 1.00  77 307 56 187 263 222 215   2  0    2  71  56 307 187 263 222  15  15 3.2144 
 15   1  18   1   1   1  1  0 1.00  78 276 171 196 266 127 171   5  0    5 122 127 276 171 196 266  -5   5 3.9167 
 15   1  18   1   1   1  1  0 1.00  79 208 132 98 355 44 101   1  0    1 227 208 132  98 355  44  19  19 3.6941 
 15   1  18   1   1   1  2  0 2.25  80 317 88 180 328 181 194   3  4    4 334 328 317  88 180 181   6   6 4.5004 
 15   1  18   1   1   1  1  0 1.00  81 100 101 262 355 213  18   4  0    4 351 355 100 101 262 213  -4   4 3.0299 
 15   1  18   1   1   1  2  0 2.25  82  70 107 159 63 229 219   3  4    4  56  63  70 107 159 229  -7   7 2.4796 
 15   1  18   1   1   1  2  0 2.25  83 276 62 107 280 236 181   3  4    4 322 280 276  62 107 236  42  42 2.1999 
 15   1  18   1   1   1  2  0 2.25  84 129 287 102 117 298 252   2  4    4 130 117 129 287 102 298  13  13 2.0192 
 15   1  18   1   1   1  2  0 2.25  85 182 272 43 73 186  93   5  1    1 186 182 272  43  73 186   4   4 4.1421 
 15   1  18   1   1   1  2  0 2.25  86 160 63 339 358  4 265   5  1    1 182 160  63 339 358   4  22  22 2.8339 
 15   1  18   1   1   1  1  0 1.00  87  28 215 227 359 276 225   1  0    1  23  28 215 227 359 276  -5   5 2.3839 
 15   1  18   1   1   1  2  0 2.25  88 229 265 76 219 262 180   3  5    5 261 262 229 265  76 219  -1   1 2.0276 
 15   1  18   1   1   1  2  0 2.25  89  54 204 145 230 336 208   3  4    4 236 230  54 204 145 336   6   6 3.6225 
 15   1  18   1   1   1  1  0 1.00  90 172 45 55 217 311 279   1  0    1 155 172  45  55 217 311 -17  17 2.1243 
 15   1  18   1   1   1  2  0 2.25  91 169 111 167 151 145 315   5  2    2 121 111 169 167 151 145  10  10 4.0830 
 15   1  18   1   1   1  1  0 1.00  92 202 127 339 33 136 157   4  0    4  39  33 202 127 339 136   6   6 2.4777 
 15   1  18   1   1   1  1  0 1.00  93  98 158 60 170 39 164   3  0    3  71  60  98 158 170  39  11  11 2.2348 
 15   1  18   1   1   1  1  0 1.00  94 116 316 343 355 145 280   2  0    2 287 316 116 343 355 145 -29  29 2.2735 
 15   1  18   1   1   1  1  0 1.00  95 353 345 42 26 10 298   3  0    3  54  42 353 345  26  10  12  12 3.3028 
 15   1  18   1   1   1  2  0 2.25  96 163 260 300 85 257 122   1  3    3 307 300 163 260  85 257   7   7 2.6689 
 15   1  18   1   1   1  2  0 2.25  97 113 241 273 274 259 154   3  4    4 287 274 113 241 273 259  13  13 5.2209 
 15   1  18   1   1   1  2  0 2.25  98 238 273 192 286 357  23   1  2    2 278 273 238 192 286 357   5   5 2.3402 
 15   1  18   1   1   1  1  0 1.00  99 283  5 111 346 54 299   5  0    5  53  54 283   5 111 346  -1   1 2.1108 
 15   1  18   1   1   1  1  0 1.00 100 360 119 106 24 40  41   2  0    2 152 119 360 106  24  40  33  33 3.2750 
 15   1  18   1   0   0  0  2 2.25   1 270 256 180 335 233 347   0  0    4 285 335 270 256 180 233 -50  50 2.7063 
 15   1  18   1   0   0  0  2 2.25   2 280 90 346 57 304 227   0  0    5 346 304 280  90 346  57  42  42 2.9593 
 15   1  18   1   0   0  0  1 1.00   3 295 18 222 92 195 267   0  0    4  89  92 295  18 222 195  -3   3 3.2852 
 15   1  18   1   0   0  0  1 1.00   4 135 73 86 155 316 308   0  0    2 300  73 135  86 155 316 -133 133 2.1256 
 15   1  18   1   1   0  0  2 2.25   1  57 89 37 203 278 334   0  0    5 268 278  57  89  37 203 -10  10 2.4294 
 15   1  18   1   1   0  0  2 2.25   2  99 337 40 299 268 239   0  0    5 261 268  99 337  40 299  -7   7 2.5100 
 15   1  18   1   1   0  0  2 2.25   3 134 208 345 167 59 353   0  0    3 349 345 134 208 167  59   4   4 2.5391 
 15   1  18   1   1   0  0  1 1.00   4 135 300 303 121 12   5   0  0    2 335 300 135 303 121  12  35  35 2.2983 
 15   1  18   1   1   0  0  1 1.00   5 194 248 69 80 110 304   0  0    2 239 248 194  69  80 110  -9   9 2.3391 
 15   1  18   1   1   0  0  1 1.00   6 306 260 304 116 142 285   0  0    2 256 260 306 304 116 142  -4   4 2.6824 
 15   1  18   1   1   0  0  2 2.25   7 276 233 280 105 67 360   0  0    5  35  67 276 233 280 105 -32  32 2.5440 
 15   1  18   1   1   0  0  1 1.00   8 280 90 320 158 214 219   0  0    3  83 320 280  90 158 214 123 123 4.2871 
 15   1  18   1   1   0  0  1 1.00   9  18 191  2 285 265 204   0  0    3 356   2  18 191 285 265  -6   6 2.7744 
 15   1  18   1   1   0  0  1 1.00  10  85 46 131 89 307   4   0  0    1  88  85  46 131  89 307   3   3 2.4279 
 15   1  18   1   1   0  0  1 1.00  11 290 157 277 161 108  54   0  0    1 290 290 157 277 161 108   0   0 2.9680 
 15   1  18   1   1   0  0  2 2.25  12   2 75 245 263  4  54   0  0    4 264 263   2  75 245   4   1   1 2.6098 
 15   1  18   1   1   0  0  1 1.00  13   1 216 241 320 194  44   0  0    5 210 194   1 216 241 320  16  16 2.0222 
 15   1  18   1   1   0  0  2 2.25  14 299 145 60 68 269 188   0  0    4  67  68 299 145  60 269  -1   1 2.4312 
 15   1  18   1   1   0  0  2 2.25  15 132 241 54 49 117  35   0  0    4  56  49 132 241  54 117   7   7 3.7030 
 15   1  18   1   1   0  0  1 1.00  16  60 297 194 232 120  66   0  0    2 320 297  60 194 232 120  23  23 2.1583 
 15   1  18   1   1   0  0  1 1.00  17  25 113 60 194 254 137   0  0    5 259 254  25 113  60 194   5   5 3.3012 
 15   1  18   1   1   0  0  1 1.00  18  36 249 226 54 143 300   0  0    1  26  36 249 226  54 143 -10  10 3.2208 
 15   1  18   1   1   0  0  2 2.25  19 254 235 179 271 127  23   0  0    4 281 271 254 235 179 127  10  10 3.4043 
 15   1  18   1   1   0  0  2 2.25  20 108 52 50 169 33 224   0  0    2  81  52 108  50 169  33  29  29 2.9245 
 15   1  18   1   1   0  0  2 2.25  21 155 186 175 254 246 294   0  0    3 175 175 155 186 254 246   0   0 2.3445 
 15   1  18   1   1   0  0  1 1.00  22  93 61 44 169 243 326   0  0    3  38  44  93  61 169 243  -6   6 2.4319 
 15   1  18   1   1   0  0  1 1.00  23 339 230  5 266 196 253   0  0    2 237 230 339   5 266 196   7   7 2.3631 
 15   1  18   1   1   0  0  1 1.00  24 220 191 215 98 146 330   0  0    5 164 146 220 191 215  98  18  18 2.5931 
 15   1  18   1   1   0  0  2 2.25  25 160 27 196 144 340  57   0  0    4 202 144 160  27 196 340  58  58 2.7069 
 15   1  18   1   1   0  0  1 1.00  26 252 182 70 16 26 142   0  0    2 180 182 252  70  16  26  -2   2 3.0158 
 15   1  18   1   1   0  0  1 1.00  27 174  2 218 267 342 320   0  0    5 348 342 174   2 218 267   6   6 2.4271 
 15   1  18   1   1   0  0  1 1.00  28 332 313 22 328 40 141   0  0    3  27  22 332 313 328  40   5   5 2.9671 
 15   1  18   1   1   0  0  1 1.00  29 267 337 116 229 243 170   0  0    4 263 229 267 337 116 243  34  34 2.3644 
 15   1  18   1   1   0  0  1 1.00  30 148 242 85 42 115  61   0  0    5 251 115 148 242  85  42 136 136 2.6504 
 15   1  18   1   1   0  0  1 1.00  31 169 10 116 195 353  31   0  0    2   4  10 169 116 195 353  -6   6 1.9409 
 15   1  18   1   1   0  0  1 1.00  32 271 276 311  4 47 176   0  0    2 288 276 271 311   4  47  12  12 2.4606 
 15   1  18   1   1   0  0  1 1.00  33 347 345 217 39 242 217   0  0    1 348 347 345 217  39 242   1   1 2.3512 
 15   1  18   1   1   0  0  1 1.00  34 281 12 107 78 238 332   0  0    1 276 281  12 107  78 238  -5   5 2.0379 
 15   1  18   1   1   0  0  2 2.25  35 341 81 165 345 310  98   0  0    3 179 165 341  81 345 310  14  14 3.5742 
 15   1  18   1   1   0  0  1 1.00  36 136 277 223 326 275 316   0  0    4 323 326 136 277 223 275  -3   3 2.5789 
 15   1  18   1   1   0  0  1 1.00  37 253 196 173 228 109  62   0  0    3 107 173 253 196 228 109 -66  66 4.1126 
 15   1  18   1   1   0  0  1 1.00  38 152 46 141 215 153 150   0  0    2  35  46 152 141 215 153 -11  11 2.3434 
 15   1  18   1   1   0  0  1 1.00  39  14 90 55 235 319  36   0  0    2  97  90  14  55 235 319   7   7 2.1428 
 15   1  18   1   1   0  0  2 2.25  40 219 329 280 172 336   2   0  0    1 243 219 329 280 172 336  24  24 2.3389 
 15   1  18   1   1   0  0  1 1.00  41 252 309 134 213 325 213   0  0    1 243 252 309 134 213 325  -9   9 2.4024 
 15   1  18   1   1   0  0  1 1.00  42 202 250 99 61 35 187   0  0    2 251 250 202  99  61  35   1   1 2.6550 
 15   1  18   1   1   0  0  2 2.25  43 217 318 21 321 279  59   0  0    2 284 318 217  21 321 279 -34  34 2.4140 
 15   1  18   1   1   0  0  1 1.00  44  12 173 337 203 67 346   0  0    2 356 173  12 337 203  67 -177 177 2.7620 
 15   1  18   1   1   0  0  2 2.25  45 359 162 115 126 20  40   0  0    4 140 126 359 162 115  20  14  14 3.3808 
 15   1  18   1   1   0  0  2 2.25  46  98 160 261 278 25 328   0  0    4 351 278  98 160 261  25  73  73 2.4856 
 15   1  18   1   1   0  0  1 1.00  47 184 265 327 95 22 353   0  0    2 265 265 184 327  95  22   0   0 2.6947 
 15   1  18   1   1   0  0  2 2.25  48  71 38 239 155  6 242   0  0    3 252 239  71  38 155   6  13  13 2.3643 
 15   1  18   1   1   0  0  2 2.25  49 227 77 121 260 234 348   0  0    4 260 260 227  77 121 234   0   0 3.5269 
 15   1  18   1   1   0  0  2 2.25  50 184 98 200 145 180 149   0  0    4 144 145 184  98 200 180  -1   1 3.9542 
 15   1  18   1   1   0  0  1 1.00  51  13 269 74 111 293 275   0  0    5 263 293  13 269  74 111 -30  30 2.5741 
 15   1  18   1   1   0  0  1 1.00  52 159 40 348 183 36  69   0  0    5  29  36 159  40 348 183  -7   7 2.4519 
 15   1  18   1   1   0  0  1 1.00  53 270 89 126 330 111 344   0  0    1 264 270  89 126 330 111  -6   6 2.9665 
 15   1  18   1   1   0  0  2 2.25  54 131 310 283 298 31 182   0  0    1 134 131 310 283 298  31   3   3 3.5124 
 15   1  18   1   1   0  0  1 1.00  55  12 350  2 278 229   2   0  0    5 186 229  12 350   2 278 -43  43 2.4638 
 15   1  18   1   1   0  0  2 2.25  56 358 276 169 317 341  54   0  0    2 275 276 358 169 317 341  -1   1 3.5023 
 15   1  18   1   1   0  0  1 1.00  57  15 13 350 221 22  24   0  0    1   2  15  13 350 221  22 -13  13 2.4217 
 15   1  18   1   1   0  0  2 2.25  58 229 29 312 311 181 217   0  0    5 184 181 229  29 312 311   3   3 2.2541 
 15   1  18   1   1   0  0  2 2.25  59 119 35 30 76 338  35   0  0    4 128  76 119  35  30 338  52  52 3.9097 
 15   1  18   1   1   0  0  2 2.25  60 238 37 281 346 358 143   0  0    1 236 238  37 281 346 358  -2   2 2.6092 
 15   1  18   1   1   0  0  1 1.00  61 229 359 67 296 185 286   0  0    2 353 359 229  67 296 185  -6   6 2.4617 
 15   1  18   1   1   0  0  1 1.00  62  12 188 354 117 55  89   0  0    1 358  12 188 354 117  55 -14  14 2.6482 
 15   1  18   1   1   0  0  2 2.25  63 309 84 304 142 197 151   0  0    2  55  84 309 304 142 197 -29  29 3.5112 
 15   1  18   1   1   0  0  1 1.00  64  35 302 119 132 12 207   0  0    4 338 132  35 302 119  12 -154 154 3.0065 
 15   1  18   1   1   0  0  2 2.25  65 187 196 349 97 151 126   0  0    4  81  97 187 196 349 151 -16  16 3.5031 
 15   1  18   1   1   0  0  2 2.25  66 349 31  9 135 319 167   0  0    3 318   9 349  31 135 319 -51  51 2.0431 
 15   1  18   1   1   0  0  2 2.25  67 258 53 10 85 89 141   0  0    2  47  53 258  10  85  89  -6   6 2.0994 
 15   1  18   1   1   0  0  2 2.25  68  18 307 164 248 261 191   0  0    2 316 307  18 164 248 261   9   9 2.7209 
 15   1  18   1   1   0  0  2 2.25  69 300 103 143 25 20 109   0  0    5 345  20 300 103 143  25 -35  35 1.7332 
 15   1  18   1   1   0  0  2 2.25  70 183 111 149 217 123 263   0  0    1 174 183 111 149 217 123  -9   9 1.9939 
 15   1  18   1   1   0  0  2 2.25  71   2 213 30 241 53  11   0  0    5  15  53   2 213  30 241 -38  38 3.4201 
 15   1  18   1   1   0  0  1 1.00  72 116 314 286 18 17 340   0  0    5  18  17 116 314 286  18   1   1 2.9429 
 15   1  18   1   1   0  0  2 2.25  73 222 12 31 305 160 216   0  0    1 233 222  12  31 305 160  11  11 2.5064 
 15   1  18   1   1   0  0  2 2.25  74 356 94 213 95 218 320   0  0    4  75  95 356  94 213 218 -20  20 3.3834 
 15   1  18   1   1   0  0  1 1.00  75 163 168 264 98 333 237   0  0    5 263 333 163 168 264  98 -70  70 3.3876 
 15   1  18   1   1   0  0  1 1.00  76 253 12 292 35 354 292   0  0    3 283 292 253  12  35 354  -9   9 1.6536 
 15   1  18   1   1   0  0  2 2.25  77  63 32 286 83  5 218   0  0    4  78  83  63  32 286   5  -5   5 2.2537 
 15   1  18   1   1   0  0  2 2.25  78 350 345 208 178 326  66   0  0    2 318 345 350 208 178 326 -27  27 3.2290 
 15   1  18   1   1   0  0  2 2.25  79 191 263 220 348 237  22   0  0    5 238 237 191 263 220 348   1   1 2.2448 
 15   1  18   1   1   0  0  1 1.00  80  93 45 204 279 272  16   0  0    2  33  45  93 204 279 272 -12  12 2.4402 
 15   1  18   1   1   0  0  2 2.25  81 321 306 108 150 224  30   0  0    1 299 321 306 108 150 224 -22  22 2.3521 
 15   1  18   1   1   0  0  2 2.25  82  96 54 125 152 344 336   0  0    3 137 125  96  54 152 344  12  12 2.8593 
 15   1  18   1   1   0  0  2 2.25  83 152 92 74 117 156 249   0  0    2 134  92 152  74 117 156  42  42 3.6340 
 15   1  18   1   1   0  0  1 1.00  84  25 287 272 223 196  38   0  0    1  22  25 287 272 223 196  -3   3 4.8599 
 15   1  18   1   1   0  0  2 2.25  85 304 11 73 258 174  47   0  0    5 197 174 304  11  73 258  23  23 4.2884 
 15   1  18   1   1   0  0  1 1.00  86   2 189 195 122 169 192   0  0    5 189 169   2 189 195 122  20  20 2.5276 
 15   1  18   1   1   0  0  2 2.25  87   7 108 126 32 118 217   0  0    3 118 126   7 108  32 118  -8   8 2.5480 
 15   1  18   1   1   0  0  2 2.25  88  27 241 84 322 51  71   0  0    4 303 322  27 241  84  51 -19  19 3.6390 
 15   1  18   1   1   0  0  1 1.00  89 197 325 227 74  2   3   0  0    5 349   2 197 325 227  74 -13  13 2.3052 
 15   1  18   1   1   0  0  1 1.00  90 150 240 260 214 307   3   0  0    4 198 214 150 240 260 307 -16  16 2.5538 
 15   1  18   1   1   0  0  2 2.25  91 105 197 56 166 302 222   0  0    4 191 166 105 197  56 302  25  25 1.8849 
 15   1  18   1   1   0  0  2 2.25  92 265 128 261 158 318 315   0  0    4 138 158 265 128 261 318 -20  20 3.0193 
 15   1  18   1   1   0  0  1 1.00  93  20 277 145 78 186 322   0  0    1  10  20 277 145  78 186 -10  10 3.1267 
 15   1  18   1   1   0  0  2 2.25  94  75 111 118 283 72 201   0  0    3 135 118  75 111 283  72  17  17 2.5704 
 15   1  18   1   1   0  0  2 2.25  95  65 248 249 218 154 300   0  0    5 173 154  65 248 249 218  19  19 3.7167 
 15   1  18   1   1   0  0  2 2.25  96 320 294 40 94 315 118   0  0    5 289 315 320 294  40  94 -26  26 4.6077 
 15   1  18   1   1   0  0  1 1.00  97  44 254 141 258 272 174   0  0    1  35  44 254 141 258 272  -9   9 3.2419 
 15   1  18   1   1   0  0  1 1.00  98 172 191 287 345 241 135   0  0    3 294 287 172 191 345 241   7   7 2.4924 
 15   1  18   1   1   0  0  2 2.25  99 237 202 39 233 22 165   0  0    2 205 202 237  39 233  22   3   3 2.6341 
 15   1  18   1   1   0  0  2 2.25 100 357 16 276 174 191 225   0  0    1 304 357  16 276 174 191 -53  53 3.5217 
