 19   1  18   1   0   1  2  0 2.25   1 281 349 260 285 81  32   1  3    3 174 260 281 349 285  81 -86  86 3.8903 
 19   1  18   1   0   1  2  0 2.25   2 222 198 360 125 149 252   3  1    1 146 222 198 360 125 149 -76  76 2.3998 
 19   1  18   1   0   1  1  0 1.00   3   6 353 158 119 51 111   1  0    1 341   6 353 158 119  51 -25  25 2.8396 
 19   1  18   1   0   1  1  0 1.00   4  61 170 127 228 179 319   1  0    1  44  61 170 127 228 179 -17  17 2.1256 
 19   1  18   1   1   1  2  0 2.25   1 234 92 308 301 185 187   1  3    3 342 308 234  92 301 185  34  34 3.0737 
 19   1  18   1   1   1  2  0 2.25   2 321 44 343 219 63  69   2  1    1 326 321  44 343 219  63   5   5 3.1374 
 19   1  18   1   1   1  2  0 2.25   3 359 97 337 339 345 310   2  5    5 318 345 359  97 337 339 -27  27 2.5903 
 19   1  18   1   1   1  1  0 1.00   4 290 162 13 269 349  18   4  0    4 354 269 290 162  13 349  85  85 1.9666 
 19   1  18   1   1   1  2  0 2.25   5 250 141 189 39 118 280   4  1    1 197 250 141 189  39 118 -53  53 3.4515 
 19   1  18   1   1   1  1  0 1.00   6 189 52 346 90 141 350   2  0    2  75  52 189 346  90 141  23  23 1.9202 
 19   1  18   1   1   1  1  0 1.00   7 351 136  3 68 76 357   1  0    1 331 351 136   3  68  76 -20  20 1.1799 
 19   1  18   1   1   1  1  0 1.00   8 178 149 113  2 205 107   3  0    3  64 113 178 149   2 205 -49  49 1.7818 
 19   1  18   1   1   1  2  0 2.25   9 164 331 91 327 158 339   1  5    5 158 158 164 331  91 327   0   0 2.2822 
 19   1  18   1   1   1  1  0 1.00  10 315 351 195 323 32 312   3  0    3 162 195 315 351 323  32 -33  33 1.2149 
 19   1  18   1   1   1  2  0 2.25  11  92 165 156 225 328 352   1  2    2 156 165  92 156 225 328  -9   9 1.3786 
 19   1  18   1   1   1  2  0 2.25  12 319 229 157 336 282 295   2  5    5  91 282 319 229 157 336 169 169 1.2315 
 19   1  18   1   1   1  1  0 1.00  13 172 287 303 14 214 202   4  0    4   8  14 172 287 303 214  -6   6 4.2633 
 19   1  18   1   1   1  2  0 2.25  14 180 265 65 196 14  65   1  2    2 189 265 180  65 196  14 -76  76 1.4383 
 19   1  18   1   1   1  2  0 2.25  15  83 342 95 240 321   3   1  5    5 313 321  83 342  95 240  -8   8 3.0571 
 19   1  18   1   1   1  1  0 1.00  16  48 37 208 301 360 358   3  0    3 197 208  48  37 301 360 -11  11 1.3743 
 19   1  18   1   1   1  1  0 1.00  17 159 57 64 164 119 148   5  0    5 148 119 159  57  64 164  29  29 2.1046 
 19   1  18   1   1   1  1  0 1.00  18 320 238 296 342 239 190   1  0    1 250 320 238 296 342 239 -70  70 4.8528 
 19   1  18   1   1   1  1  0 1.00  19 301 88 356 134 114 265   3  0    3 357 356 301  88 134 114   1   1 2.9359 
 19   1  18   1   1   1  1  0 1.00  20 182 164 306 108 276 117   3  0    3 339 306 182 164 108 276  33  33 1.9378 
 19   1  18   1   1   1  2  0 2.25  21 259  4 205 297 272 236   2  1    1 177 259   4 205 297 272 -82  82 1.7201 
 19   1  18   1   1   1  1  0 1.00  22 117 170 258 103 279 130   3  0    3 262 258 117 170 103 279   4   4 1.1401 
 19   1  18   1   1   1  2  0 2.25  23 246 80 332 201 206 109   2  1    1 247 246  80 332 201 206   1   1 1.2512 
 19   1  18   1   1   1  2  0 2.25  24   9 237 200 71 296 196   2  5    5 322 296   9 237 200  71  26  26 1.6856 
 19   1  18   1   1   1  1  0 1.00  25 295 292 282 261 221 188   5  0    5 209 221 295 292 282 261 -12  12 1.9709 
 19   1  18   1   1   1  2  0 2.25  26 254 320 217 140 230 179   2  5    5 236 230 254 320 217 140   6   6 1.2847 
 19   1  18   1   1   1  2  0 2.25  27 260 138 143 291 148 165   5  2    2 182 138 260 143 291 148  44  44 2.0696 
 19   1  18   1   1   1  1  0 1.00  28  93 263 332 81 66 338   5  0    5  88  66  93 263 332  81  22  22 1.5632 
 19   1  18   1   1   1  2  0 2.25  29 198 37 95 351 293  76   4  5    5 279 293 198  37  95 351 -14  14 1.3926 
 19   1  18   1   1   1  1  0 1.00  30  21 254 294 208 54  79   2  0    2 240 254  21 294 208  54 -14  14 1.0663 
 19   1  18   1   1   1  2  0 2.25  31 220 158 357 329 69 214   4  5    5  52  69 220 158 357 329 -17  17 1.2921 
 19   1  18   1   1   1  1  0 1.00  32 336 138 321 217 24 242   3  0    3 249 321 336 138 217  24 -72  72 1.3460 
 19   1  18   1   1   1  1  0 1.00  33 160 259 330 240 87 293   1  0    1 163 160 259 330 240  87   3   3 2.0210 
 19   1  18   1   1   1  1  0 1.00  34 292 59 165 16 190  86   4  0    4 268  16 292  59 165 190 -108 108 1.5086 
 19   1  18   1   1   1  2  0 2.25  35  90 124 142 239 340 142   4  1    1 155  90 124 142 239 340  65  65 0.9727 
 19   1  18   1   1   1  2  0 2.25  36 321 65 248 335 275 306   5  1    1  91 321  65 248 335 275 130 130 1.2508 
 19   1  18   1   1   1  2  0 2.25  37 345 238  1 247 206 299   1  3    3 358   1 345 238 247 206  -3   3 1.4131 
 19   1  18   1   1   1  2  0 2.25  38   2 127 189 248 190   1   5  3    3 341 189   2 127 248 190 152 152 1.7206 
 19   1  18   1   1   1  2  0 2.25  39 138 261 263 122 207 125   5  3    3 271 263 138 261 122 207   8   8 0.9838 
 19   1  18   1   1   1  2  0 2.25  40  42 334 97 176 126 204   1  5    5 101 126  42 334  97 176 -25  25 2.9251 
 19   1  18   1   1   1  1  0 1.00  41 358 319 25 324 195 180   1  0    1 350 358 319  25 324 195  -8   8 1.6717 
 19   1  18   1   1   1  2  0 2.25  42  18 233 170 197 185  57   4  2    2 240 233  18 170 197 185   7   7 1.4970 
 19   1  18   1   1   1  1  0 1.00  43 226 350 348 295 139 194   2  0    2 354 350 226 348 295 139   4   4 1.1899 
 19   1  18   1   1   1  1  0 1.00  44 336 297 54 124 89 264   4  0    4 146 124 336 297  54  89  22  22 3.4558 
 19   1  18   1   1   1  2  0 2.25  45  88 101 95 74 129  75   3  1    1  57  88 101  95  74 129 -31  31 1.3597 
 19   1  18   1   1   1  2  0 2.25  46 274 239 225 44 226 122   3  4    4 274  44 274 239 225 226 -130 130 1.7259 
 19   1  18   1   1   1  1  0 1.00  47 343  2 219 259 83 354   5  0    5  67  83 343   2 219 259 -16  16 1.3859 
 19   1  18   1   1   1  2  0 2.25  48 217 299 51 11 262 110   5  3    3 235  51 217 299  11 262 -176 176 1.5507 
 19   1  18   1   1   1  2  0 2.25  49 145 328 360 287 333 192   3  2    2 293 328 145 360 287 333 -35  35 1.2928 
 19   1  18   1   1   1  2  0 2.25  50 131 265 104 344 119   2   5  3    3 132 104 131 265 344 119  28  28 2.2537 
 19   1  18   1   1   1  2  0 2.25  51  20 59 326 167 334 329   3  1    1   4  20  59 326 167 334 -16  16 1.7363 
 19   1  18   1   1   1  2  0 2.25  52 358 50 221 267 348 215   3  2    2  29  50 358 221 267 348 -21  21 2.7987 
 19   1  18   1   1   1  1  0 1.00  53 208 34 102 51 41 329   2  0    2  44  34 208 102  51  41  10  10 1.5348 
 19   1  18   1   1   1  1  0 1.00  54 165 249 335 314 177 309   5  0    5 152 177 165 249 335 314 -25  25 1.4343 
 19   1  18   1   1   1  2  0 2.25  55 215 202 52 258 341 215   2  3    3  45  52 215 202 258 341  -7   7 1.3331 
 19   1  18   1   1   1  2  0 2.25  56 189 134 250 178 288  74   3  4    4 207 178 189 134 250 288  29  29 8.1321 
 19   1  18   1   1   1  1  0 1.00  57 146 77 313 97 144 156   2  0    2  56  77 146 313  97 144 -21  21 1.4408 
 19   1  18   1   1   1  1  0 1.00  58  29 282  3 92 319 220   3  0    3 350   3  29 282  92 319 -13  13 1.3125 
 19   1  18   1   1   1  1  0 1.00  59 149 325 90 162 73 310   3  0    3 152  90 149 325 162  73  62  62 1.2128 
 19   1  18   1   1   1  1  0 1.00  60 175 101 151 336 211   8   1  0    1 162 175 101 151 336 211 -13  13 1.9733 
 19   1  18   1   1   1  2  0 2.25  61 280 19 205 57 94 220   4  1    1 306 280  19 205  57  94  26  26 3.2822 
 19   1  18   1   1   1  2  0 2.25  62 133 210 30 354 237 346   3  4    4 277 354 133 210  30 237 -77  77 1.2650 
 19   1  18   1   1   1  2  0 2.25  63  14 24 92 311 170 224   3  2    2  39  24  14  92 311 170  15  15 1.8507 
 19   1  18   1   1   1  1  0 1.00  64  43 338 322 53 146 281   4  0    4  66  53  43 338 322 146  13  13 4.5051 
 19   1  18   1   1   1  2  0 2.25  65 352 182 206 306 342   8   5  3    3 163 206 352 182 306 342 -43  43 4.3498 
 19   1  18   1   1   1  2  0 2.25  66 298 194 108 144 81  10   4  2    2 323 194 298 108 144  81 129 129 4.4087 
 19   1  18   1   1   1  1  0 1.00  67 342 348 192 85 46  24   1  0    1 336 342 348 192  85  46  -6   6 1.0063 
 19   1  18   1   1   1  2  0 2.25  68 141 333 38 326 106 153   1  5    5  87 106 141 333  38 326 -19  19 1.6991 
 19   1  18   1   1   1  1  0 1.00  69 305 323 170 238 228 229   4  0    4 228 238 305 323 170 228 -10  10 1.0716 
 19   1  18   1   1   1  2  0 2.25  70  61 285 120 323 272 228   3  4    4 272 323  61 285 120 272 -51  51 1.9696 
 19   1  18   1   1   1  1  0 1.00  71 335 206 314  7 279 220   5  0    5 270 279 335 206 314   7  -9   9 1.7872 
 19   1  18   1   1   1  2  0 2.25  72 244 132 100 57 68  34   5  1    1 129 244 132 100  57  68 -115 115 2.3756 
 19   1  18   1   1   1  1  0 1.00  73 111 214 289 246 270  28   5  0    5 253 270 111 214 289 246 -17  17 4.4089 
 19   1  18   1   1   1  1  0 1.00  74 265 42  3 57 69 219   3  0    3 353   3 265  42  57  69 -10  10 0.9905 
 19   1  18   1   1   1  1  0 1.00  75   1 359 295 268 215  79   2  0    2 348 359   1 295 268 215 -11  11 3.0246 
 19   1  18   1   1   1  2  0 2.25  76  50 51 164 319 274  17   3  4    4  51 319  50  51 164 274  92  92 1.0012 
 19   1  18   1   1   1  1  0 1.00  77  31  9 108 34 224 145   5  0    5 263 224  31   9 108  34  39  39 4.2585 
 19   1  18   1   1   1  2  0 2.25  78 286 58 263 92 42 344   3  2    2  50  58 286 263  92  42  -8   8 1.2256 
 19   1  18   1   1   1  1  0 1.00  79 188 238 83 321 206  59   2  0    2 234 238 188  83 321 206  -4   4 1.2102 
 19   1  18   1   1   1  2  0 2.25  80 198 28 66 67 161 227   4  2    2  47  28 198  66  67 161  19  19 1.5105 
 19   1  18   1   1   1  1  0 1.00  81  82 204 53 315 111  92   5  0    5 179 111  82 204  53 315  68  68 2.3794 
 19   1  18   1   1   1  1  0 1.00  82 252 193 63 117 315 211   3  0    3 349  63 252 193 117 315 -74  74 1.1166 
 19   1  18   1   1   1  1  0 1.00  83 200 201 261 356 130 183   3  0    3 125 261 200 201 356 130 -136 136 1.9613 
 19   1  18   1   1   1  2  0 2.25  84 228 341 156 26 317 353   5  4    4 166  26 228 341 156 317 140 140 1.2149 
 19   1  18   1   1   1  1  0 1.00  85 200 135 166 208 66 202   2  0    2 213 135 200 166 208  66  78  78 1.2874 
 19   1  18   1   1   1  2  0 2.25  86 228 127 59 247 317 321   3  1    1 214 228 127  59 247 317 -14  14 1.5844 
 19   1  18   1   1   1  1  0 1.00  87  67 292 345 45 329 111   4  0    4  66  45  67 292 345 329  21  21 1.6979 
 19   1  18   1   1   1  2  0 2.25  88 295 329 145  3 227 120   3  4    4 298   3 295 329 145 227 -65  65 7.5856 
 19   1  18   1   1   1  2  0 2.25  89 280 221 350 182 345 206   5  1    1 183 280 221 350 182 345 -97  97 1.3917 
 19   1  18   1   1   1  1  0 1.00  90 315 52 125 106 123 108   2  0    2 319  52 315 125 106 123 -93  93 1.2013 
 19   1  18   1   1   1  2  0 2.25  91 301 212 165 184 16  13   5  3    3 352 165 301 212 184  16 -173 173 1.0777 
 19   1  18   1   1   1  1  0 1.00  92 186 295 156 222 125 256   3  0    3 172 156 186 295 222 125  16  16 1.4683 
 19   1  18   1   1   1  1  0 1.00  93 261 232 139 147 355 137   2  0    2 241 232 261 139 147 355   9   9 1.3066 
 19   1  18   1   1   1  1  0 1.00  94 345 58 359 244 187 160   3  0    3   5 359 345  58 244 187   6   6 1.1677 
 19   1  18   1   1   1  1  0 1.00  95 335 105 118 325 86 272   1  0    1 299 335 105 118 325  86 -36  36 2.3224 
 19   1  18   1   1   1  1  0 1.00  96  57 60 154 198 29 197   5  0    5  38  29  57  60 154 198   9   9 1.8776 
 19   1  18   1   1   1  1  0 1.00  97 262 75 286 245 215   7   2  0    2  60  75 262 286 245 215 -15  15 2.0275 
 19   1  18   1   1   1  1  0 1.00  98 236 29 134 140 173 126   1  0    1 246 236  29 134 140 173  10  10 1.5150 
 19   1  18   1   1   1  2  0 2.25  99 250 75 130 176 329 318   3  5    5 236 329 250  75 130 176 -93  93 1.6664 
 19   1  18   1   1   1  2  0 2.25 100 289 52 93 77 218 240   4  5    5 235 218 289  52  93  77  17  17 1.7716 
 19   1  18   1   0   0  0  1 1.00   1 184 104 182 200 52 343   0  0    3  42 182 184 104 200  52 -140 140 3.2963 
 19   1  18   1   0   0  0  2 2.25   2 269 303 186 338 320 103   0  0    2 325 303 269 186 338 320  22  22 1.7333 
 19   1  18   1   0   0  0  1 1.00   3 291 98 269 99 208 246   0  0    2  72  98 291 269  99 208 -26  26 2.0934 
 19   1  18   1   0   0  0  2 2.25   4 105 360 21 38 250  14   0  0    5 239 250 105 360  21  38 -11  11 1.2516 
 19   1  18   1   1   0  0  2 2.25   1 310 35 72 240 172 108   0  0    5 247 172 310  35  72 240  75  75 2.8241 
 19   1  18   1   1   0  0  1 1.00   2 215 87 123 274 317 226   0  0    5   6 317 215  87 123 274  49  49 3.6996 
 19   1  18   1   1   0  0  1 1.00   3 253 245 48 106 211 151   0  0    5 213 211 253 245  48 106   2   2 1.6269 
 19   1  18   1   1   0  0  2 2.25   4  38 93 318 342 65 228   0  0    3 357 318  38  93 342  65  39  39 1.4682 
 19   1  18   1   1   0  0  1 1.00   5 108 334 309 17 79  95   0  0    5 122  79 108 334 309  17  43  43 3.1272 
 19   1  18   1   1   0  0  1 1.00   6 286 173 219 292 98 357   0  0    1 301 286 173 219 292  98  15  15 1.2145 
 19   1  18   1   1   0  0  2 2.25   7  22 261 224 190 309 170   0  0    4 141 190  22 261 224 309 -49  49 2.9843 
 19   1  18   1   1   0  0  1 1.00   8   2 269 113 38 312 171   0  0    2 144 269   2 113  38 312 -125 125 1.7490 
 19   1  18   1   1   0  0  2 2.25   9 203 62 176 191 102 302   0  0    5 202 102 203  62 176 191 100 100 1.6650 
 19   1  18   1   1   0  0  2 2.25  10  60 249 171 323 52  41   0  0    4  67 323  60 249 171  52 104 104 1.9603 
 19   1  18   1   1   0  0  1 1.00  11 324 177 53 198 347 213   0  0    3  58  53 324 177 198 347   5   5 1.9915 
 19   1  18   1   1   0  0  2 2.25  12 263 19 212 96 184  42   0  0    5 272 184 263  19 212  96  88  88 1.8498 
 19   1  18   1   1   0  0  2 2.25  13  15 316 194 210 212  17   0  0    3  81 194  15 316 210 212 -113 113 5.9697 
 19   1  18   1   1   0  0  1 1.00  14 146 73 138 116 305 126   0  0    1 155 146  73 138 116 305   9   9 2.8116 
 19   1  18   1   1   0  0  1 1.00  15  20 206 125 135 160 123   0  0    3 216 125  20 206 135 160  91  91 3.8238 
 19   1  18   1   1   0  0  1 1.00  16 258 357 181 34 251 304   0  0    5 269 251 258 357 181  34  18  18 1.4501 
 19   1  18   1   1   0  0  2 2.25  17 215 45 31 65 221  53   0  0    4  50  65 215  45  31 221 -15  15 1.7145 
 19   1  18   1   1   0  0  2 2.25  18  25 126 189 354 34  18   0  0    3 183 189  25 126 354  34  -6   6 1.5999 
 19   1  18   1   1   0  0  1 1.00  19 326 194 204 222 127 128   0  0    1 131 326 194 204 222 127 165 165 1.6054 
 19   1  18   1   1   0  0  2 2.25  20 166 273 253 292 16 360   0  0    1 267 166 273 253 292  16 101 101 1.4955 
 19   1  18   1   1   0  0  2 2.25  21 334 44 74 330 277 350   0  0    3  61  74 334  44 330 277 -13  13 1.7338 
 19   1  18   1   1   0  0  2 2.25  22  68 226 296 219 156 207   0  0    1 232  68 226 296 219 156 164 164 2.3704 
 19   1  18   1   1   0  0  2 2.25  23  63 349 174 294 136  46   0  0    2 349 349  63 174 294 136   0   0 1.4931 
 19   1  18   1   1   0  0  1 1.00  24 251 23 216 163 178 290   0  0    1 198 251  23 216 163 178 -53  53 2.9674 
 19   1  18   1   1   0  0  2 2.25  25 198 212 189 100 106 134   0  0    2 230 212 198 189 100 106  18  18 1.6093 
 19   1  18   1   1   0  0  1 1.00  26 113 209 199 327 212 239   0  0    2 224 209 113 199 327 212  15  15 0.9773 
 19   1  18   1   1   0  0  1 1.00  27  81 86 55 84 343  83   0  0    2  62  86  81  55  84 343 -24  24 1.1609 
 19   1  18   1   1   0  0  2 2.25  28 202 284 237 53 146 185   0  0    4 237  53 202 284 237 146 -176 176 1.3735 
 19   1  18   1   1   0  0  2 2.25  29 169 172 14 336 74 119   0  0    2 330 172 169  14 336  74 158 158 1.4812 
 19   1  18   1   1   0  0  1 1.00  30 277 116 270 94 222 138   0  0    5 265 222 277 116 270  94  43  43 1.5156 
 19   1  18   1   1   0  0  1 1.00  31  70 39 293 234 16 193   0  0    1  81  70  39 293 234  16  11  11 1.2366 
 19   1  18   1   1   0  0  1 1.00  32 321 150 218 254 264 277   0  0    2 268 150 321 218 254 264 118 118 1.0492 
 19   1  18   1   1   0  0  2 2.25  33  34 20 57 206 300 171   0  0    3 308  57  34  20 206 300 -109 109 1.2100 
 19   1  18   1   1   0  0  1 1.00  34 110 237 327 306 157 309   0  0    2 282 237 110 327 306 157  45  45 1.1840 
 19   1  18   1   1   0  0  1 1.00  35 158 323 246 270 208 114   0  0    4 286 270 158 323 246 208  16  16 1.4546 
 19   1  18   1   1   0  0  2 2.25  36   2 211 161 330 321  93   0  0    3 210 161   2 211 330 321  49  49 1.5829 
 19   1  18   1   1   0  0  1 1.00  37 339 48 59 43 120  88   0  0    3  75  59 339  48  43 120  16  16 1.6211 
 19   1  18   1   1   0  0  1 1.00  38  34 301 199 276 55 315   0  0    4  87 276  34 301 199  55 171 171 1.6340 
 19   1  18   1   1   0  0  2 2.25  39 235 103 117 256 158 293   0  0    3  31 117 235 103 256 158 -86  86 1.9309 
 19   1  18   1   1   0  0  2 2.25  40 228 124 177 87 315 250   0  0    2 221 124 228 177  87 315  97  97 1.2872 
 19   1  18   1   1   0  0  1 1.00  41 314 141 322 254 205 178   0  0    4 324 254 314 141 322 205  70  70 1.3058 
 19   1  18   1   1   0  0  2 2.25  42 281 313 179 170 77 103   0  0    1  17 281 313 179 170  77  96  96 3.3122 
 19   1  18   1   1   0  0  2 2.25  43 323 105 184 110 165   5   0  0    1  61 323 105 184 110 165  98  98 2.1005 
 19   1  18   1   1   0  0  2 2.25  44 167 129 225 176 48  16   0  0    4  52 176 167 129 225  48 -124 124 1.0821 
 19   1  18   1   1   0  0  2 2.25  45 255 335 95  3 298   3   0  0    5 268 298 255 335  95   3 -30  30 2.3454 
 19   1  18   1   1   0  0  2 2.25  46 149 157 264 330 351 309   0  0    4 176 330 149 157 264 351 -154 154 1.1254 
 19   1  18   1   1   0  0  2 2.25  47  80 212 78 62 243  77   0  0    5 224 243  80 212  78  62 -19  19 1.8434 
 19   1  18   1   1   0  0  2 2.25  48  69 257 324 295 250 285   0  0    3 278 324  69 257 295 250 -46  46 4.6679 
 19   1  18   1   1   0  0  2 2.25  49  29 197 32 168 98 261   0  0    3  44  32  29 197 168  98  12  12 1.7519 
 19   1  18   1   1   0  0  1 1.00  50 330 331 141 316 156 143   0  0    2 127 331 330 141 316 156 156 156 1.8393 
 19   1  18   1   1   0  0  1 1.00  51  16 266 216 220 141 178   0  0    4 237 220  16 266 216 141  17  17 2.1271 
 19   1  18   1   1   0  0  2 2.25  52 281 228  9 303 86 168   0  0    2 356 228 281   9 303  86 128 128 1.5080 
 19   1  18   1   1   0  0  2 2.25  53 209 121 349 155 197 125   0  0    1 142 209 121 349 155 197 -67  67 1.2902 
 19   1  18   1   1   0  0  2 2.25  54 122 350 234  2 189  13   0  0    5 188 189 122 350 234   2  -1   1 1.4894 
 19   1  18   1   1   0  0  2 2.25  55  17  8 344 200 334 315   0  0    2 309   8  17 344 200 334 -59  59 1.2723 
 19   1  18   1   1   0  0  1 1.00  56 357 89 333 314 308 203   0  0    1 329 357  89 333 314 308 -28  28 1.7315 
 19   1  18   1   1   0  0  1 1.00  57 234 347 171 163 19 313   0  0    2 303 347 234 171 163  19 -44  44 1.2757 
 19   1  18   1   1   0  0  1 1.00  58 240 270 264 104 267 239   0  0    1 102 240 270 264 104 267 -138 138 4.4548 
 19   1  18   1   1   0  0  2 2.25  59 231 280 207 330 157 215   0  0    4 358 330 231 280 207 157  28  28 18.3795 
 19   1  18   1   1   0  0  1 1.00  60 286 275 53 87 352 142   0  0    4  42  87 286 275  53 352 -45  45 1.8244 
 19   1  18   1   1   0  0  1 1.00  61 324 50 187 70 256 325   0  0    3  41 187 324  50  70 256 -146 146 1.2930 
 19   1  18   1   1   0  0  1 1.00  62 219 92 241 178 57 170   0  0    2  81  92 219 241 178  57 -11  11 1.2477 
 19   1  18   1   1   0  0  1 1.00  63 151 293 202 360 249 234   0  0    1  78 151 293 202 360 249 -73  73 5.5394 
 19   1  18   1   1   0  0  2 2.25  64 292 337 265 280 15 234   0  0    5 345  15 292 337 265 280 -30  30 1.3959 
 19   1  18   1   1   0  0  2 2.25  65 105 336 197 176 28 127   0  0    2 305 336 105 197 176  28 -31  31 2.6543 
 19   1  18   1   1   0  0  2 2.25  66 208 150 250 324 47 291   0  0    4  60 324 208 150 250  47  96  96 4.5651 
 19   1  18   1   1   0  0  2 2.25  67 254 184 164 57 101 254   0  0    2 240 184 254 164  57 101  56  56 1.5021 
 19   1  18   1   1   0  0  1 1.00  68 170 242 308 98 124 322   0  0    5 172 124 170 242 308  98  48  48 1.5997 
 19   1  18   1   1   0  0  1 1.00  69 179 78 133 157 224 106   0  0    4 184 157 179  78 133 224  27  27 2.1092 
 19   1  18   1   1   0  0  1 1.00  70  36 158 229 306 235  66   0  0    1  33  36 158 229 306 235  -3   3 2.3981 
 19   1  18   1   1   0  0  1 1.00  71 163 89  5 141 121  43   0  0    4 167 141 163  89   5 121  26  26 1.7068 
 19   1  18   1   1   0  0  2 2.25  72  14 73 162 248 304 337   0  0    4 250 248  14  73 162 304   2   2 2.6648 
 19   1  18   1   1   0  0  1 1.00  73 105 77 96 345 137 326   0  0    1  57 105  77  96 345 137 -48  48 1.2585 
 19   1  18   1   1   0  0  2 2.25  74  88 97 356 171 246 270   0  0    5  74 246  88  97 356 171 -172 172 1.4111 
 19   1  18   1   1   0  0  2 2.25  75  98 273 202 10 208 144   0  0    5 140 208  98 273 202  10 -68  68 1.5654 
 19   1  18   1   1   0  0  1 1.00  76 178 226 351 231 151 229   0  0    5 197 151 178 226 351 231  46  46 1.6515 
 19   1  18   1   1   0  0  2 2.25  77   5 334 106 301 160  74   0  0    2 359 334   5 106 301 160  25  25 2.0675 
 19   1  18   1   1   0  0  1 1.00  78 130 359 224 328 350  95   0  0    3 229 224 130 359 328 350   5   5 1.9419 
 19   1  18   1   1   0  0  1 1.00  79  97 111 282 53 146  24   0  0    5 194 146  97 111 282  53  48  48 4.4777 
 19   1  18   1   1   0  0  1 1.00  80  39 234 186 172 273 152   0  0    2 241 234  39 186 172 273   7   7 3.2214 
 19   1  18   1   1   0  0  2 2.25  81  69 149 27 56 282 350   0  0    5  10 282  69 149  27  56  88  88 3.7490 
 19   1  18   1   1   0  0  2 2.25  82 247 161 202 129 356 288   0  0    2 323 161 247 202 129 356 162 162 20.1664 
 19   1  18   1   1   0  0  2 2.25  83 339 246 189 118 208 299   0  0    3 359 189 339 246 118 208 170 170 12.4617 
 19   1  18   1   1   0  0  1 1.00  84  61 198 86 72 320  97   0  0    5 334 320  61 198  86  72  14  14 1.7571 
 19   1  18   1   1   0  0  2 2.25  85  91 13 67 267 238  34   0  0    1  34  91  13  67 267 238 -57  57 1.2811 
 19   1  18   1   1   0  0  1 1.00  86 167 285 202 273 357  13   0  0    3 186 202 167 285 273 357 -16  16 10.5795 
 19   1  18   1   1   0  0  2 2.25  87 284 212 47  1 228 249   0  0    3 194  47 284 212   1 228 147 147 3.1250 
 19   1  18   1   1   0  0  2 2.25  88 256 320 354 199 87 244   0  0    4  19 199 256 320 354  87 180 180 0.8728 
 19   1  18   1   1   0  0  1 1.00  89 209 186 100 96 262 177   0  0    5 269 262 209 186 100  96   7   7 1.8444 
 19   1  18   1   1   0  0  1 1.00  90  64 186 153 231 234 352   0  0    3 197 153  64 186 231 234  44  44 2.1524 
 19   1  18   1   1   0  0  1 1.00  91 205 64 255 285  8 120   0  0    3 258 255 205  64 285   8   3   3 1.6393 
 19   1  18   1   1   0  0  1 1.00  92 183 220 328 119 345  56   0  0    1 306 183 220 328 119 345 123 123 0.9475 
 19   1  18   1   1   0  0  1 1.00  93 315 233 333 210  7 232   0  0    3 268 333 315 233 210   7 -65  65 0.9878 
 19   1  18   1   1   0  0  1 1.00  94   3 325 63 17 285  39   0  0    4 194  17   3 325  63 285 177 177 1.0746 
 19   1  18   1   1   0  0  1 1.00  95 136 143 106 217 51 253   0  0    3  48 106 136 143 217  51 -58  58 2.1741 
 19   1  18   1   1   0  0  1 1.00  96 292 225 163 270 191  10   0  0    5 184 191 292 225 163 270  -7   7 1.4764 
 19   1  18   1   1   0  0  2 2.25  97 278 55 163 178 77 297   0  0    5  86  77 278  55 163 178   9   9 2.6200 
 19   1  18   1   1   0  0  1 1.00  98  22 119 223 220 118  11   0  0    2 146 119  22 223 220 118  27  27 2.5438 
 19   1  18   1   1   0  0  2 2.25  99 160 76 262 77 36  82   0  0    2  76  76 160 262  77  36   0   0 1.8756 
 19   1  18   1   1   0  0  2 2.25 100 241 340 224  3 181 148   0  0    1   4 241 340 224   3 181 123 123 38.4021 
