 20   1  18   2   0   0  0  2 2.25   1   8 163  5 283 189  61   0  0    2   8 163   8   5 283 189 -155 155 3.9907 
 20   1  18   2   0   0  0  1 1.00   2  78 163 314 227 150 197   0  0    1 251  78 163 314 227 150 173 173 5.4014 
 20   1  18   2   0   0  0  2 2.25   3 294 46 290 66 342 117   0  0    2  63  46 294 290  66 342  17  17 2.7913 
 20   1  18   2   0   0  0  1 1.00   4 178 244 296 120 53 196   0  0    3 246 296 178 244 120  53 -50  50 2.6603 
 20   1  18   2   1   0  0  2 2.25   1 232 25 90 145 88 163   0  0    4 175 145 232  25  90  88  30  30 4.1039 
 20   1  18   2   1   0  0  1 1.00   2 169  4 247 54 149 301   0  0    4  78  54 169   4 247 149  24  24 5.3026 
 20   1  18   2   1   0  0  1 1.00   3 123 190 309 118 215 324   0  0    5 201 215 123 190 309 118 -14  14 3.4439 
 20   1  18   2   1   0  0  1 1.00   4  98 93 167 345 79 126   0  0    5  56  79  98  93 167 345 -23  23 3.9740 
 20   1  18   2   1   0  0  2 2.25   5 243 308 90 300 356 157   0  0    1 254 243 308  90 300 356  11  11 5.1827 
 20   1  18   2   1   0  0  2 2.25   6  77 263 109 179 312 223   0  0    1  70  77 263 109 179 312  -7   7 2.7335 
 20   1  18   2   1   0  0  1 1.00   7  34 256 238 83 64 289   0  0    3 287 238  34 256  83  64  49  49 4.0123 
 20   1  18   2   1   0  0  1 1.00   8 121 219 278  9 239  58   0  0    2 227 219 121 278   9 239   8   8 4.6231 
 20   1  18   2   1   0  0  1 1.00   9 135 310 134 209 23 135   0  0    2 320 310 135 134 209  23  10  10 2.7206 
 20   1  18   2   1   0  0  2 2.25  10 253 180 229 61 70  63   0  0    3 238 229 253 180  61  70   9   9 3.9728 
 20   1  18   2   1   0  0  1 1.00  11 274 107 276 334 245 213   0  0    5 244 245 274 107 276 334  -1   1 1.9769 
 20   1  18   2   1   0  0  1 1.00  12 186 160 86 290 240  37   0  0    2 163 160 186  86 290 240   3   3 5.8553 
 20   1  18   2   1   0  0  1 1.00  13  13 60 300 26 54 300   0  0    5  79  54  13  60 300  26  25  25 3.3821 
 20   1  18   2   1   0  0  2 2.25  14 314 10 251 308 18 325   0  0    2  16  10 314 251 308  18   6   6 4.1428 
 20   1  18   2   1   0  0  2 2.25  15 159 178 53 229 209 227   0  0    1 190 159 178  53 229 209  31  31 3.5367 
 20   1  18   2   1   0  0  1 1.00  16 269 118 32 74 13 150   0  0    4 148  74 269 118  32  13  74  74 3.2947 
 20   1  18   2   1   0  0  1 1.00  17  37  5 274 277 90 326   0  0    4 272 277  37   5 274  90  -5   5 2.1350 
 20   1  18   2   1   0  0  2 2.25  18 135 117 161 217 318 206   0  0    4 241 217 135 117 161 318  24  24 2.9631 
 20   1  18   2   1   0  0  2 2.25  19 355 319 201  8 269 139   0  0    1 342 355 319 201   8 269 -13  13 2.7417 
 20   1  18   2   1   0  0  1 1.00  20 114 244 16 208 36  11   0  0    2 251 244 114  16 208  36   7   7 3.7887 
 20   1  18   2   1   0  0  1 1.00  21 291 324 247 15  6 243   0  0    2 322 324 291 247  15   6  -2   2 5.1763 
 20   1  18   2   1   0  0  2 2.25  22 216 139 161 191 31 209   0  0    2 200 139 216 161 191  31  61  61 1.5277 
 20   1  18   2   1   0  0  1 1.00  23 307 212 258 115 348 268   0  0    1 324 307 212 258 115 348  17  17 2.5767 
 20   1  18   2   1   0  0  2 2.25  24 147 16 201 81 83 170   0  0    4  24  81 147  16 201  83 -57  57 2.7950 
 20   1  18   2   1   0  0  2 2.25  25 263 152 118 299 336 211   0  0    1 327 263 152 118 299 336  64  64 5.5883 
 20   1  18   2   1   0  0  1 1.00  26 149 265 218 330 95 315   0  0    5 145  95 149 265 218 330  50  50 1.7316 
 20   1  18   2   1   0  0  2 2.25  27 266 88 27 296 26 103   0  0    4 282 296 266  88  27  26 -14  14 2.2003 
 20   1  18   2   1   0  0  2 2.25  28 200  5 294 185 42  44   0  0    5  50  42 200   5 294 185   8   8 3.0496 
 20   1  18   2   1   0  0  1 1.00  29 154 14 70 300 96  42   0  0    4 280 300 154  14  70  96 -20  20 3.8275 
 20   1  18   2   1   0  0  2 2.25  30 168 86 212 169 244 296   0  0    4 217 169 168  86 212 244  48  48 2.3144 
 20   1  18   2   1   0  0  1 1.00  31   8 107 265 257 145  66   0  0    2  58 107   8 265 257 145 -49  49 1.3945 
 20   1  18   2   1   0  0  1 1.00  32 288 332 346 76 203 209   0  0    4  52  76 288 332 346 203 -24  24 2.5370 
 20   1  18   2   1   0  0  2 2.25  33 129 210 221 181 227  38   0  0    1 202 129 210 221 181 227  73  73 2.8526 
 20   1  18   2   1   0  0  2 2.25  34 176 84  2 301 123 118   0  0    5 206 123 176  84   2 301  83  83 2.8594 
 20   1  18   2   1   0  0  1 1.00  35 209 190 162 53 28 328   0  0    1 169 209 190 162  53  28 -40  40 3.6774 
 20   1  18   2   1   0  0  2 2.25  36  16 271 311 123 59 183   0  0    2 293 271  16 311 123  59  22  22 3.5145 
 20   1  18   2   1   0  0  2 2.25  37 233 202 29 132 234 351   0  0    4 140 132 233 202  29 234   8   8 3.1898 
 20   1  18   2   1   0  0  2 2.25  38 231 67 38 330 75 235   0  0    2  72  67 231  38 330  75   5   5 2.7268 
 20   1  18   2   1   0  0  2 2.25  39 280 193 182 55 30 165   0  0    2 182 193 280 182  55  30 -11  11 2.5949 
 20   1  18   2   1   0  0  1 1.00  40 277 218 184 302 315  70   0  0    3 190 184 277 218 302 315   6   6 3.7840 
 20   1  18   2   1   0  0  1 1.00  41 320 22 316 185 33  89   0  0    4 163 185 320  22 316  33 -22  22 6.6516 
 20   1  18   2   1   0  0  2 2.25  42 214 114 161 156 182  48   0  0    5 158 182 214 114 161 156 -24  24 2.7021 
 20   1  18   2   1   0  0  1 1.00  43 144 211 171 159 197 319   0  0    4 186 159 144 211 171 197  27  27 3.4223 
 20   1  18   2   1   0  0  1 1.00  44 151 38 314 30 243  89   0  0    1 158 151  38 314  30 243   7   7 2.9611 
 20   1  18   2   1   0  0  2 2.25  45 130 234 52 108 106 150   0  0    2 232 234 130  52 108 106  -2   2 4.1636 
 20   1  18   2   1   0  0  1 1.00  46 159 337 153 56 347  42   0  0    3 148 153 159 337  56 347  -5   5 5.3443 
 20   1  18   2   1   0  0  1 1.00  47 243 120 226 352 270 338   0  0    2 282 120 243 226 352 270 162 162 3.7724 
 20   1  18   2   1   0  0  2 2.25  48 105 336 46 49 202 280   0  0    4  60  49 105 336  46 202  11  11 1.2372 
 20   1  18   2   1   0  0  2 2.25  49 268 267 52 190 53 319   0  0    5  62  53 268 267  52 190   9   9 2.8864 
 20   1  18   2   1   0  0  1 1.00  50 338 105 202 230 217 121   0  0    5 324 217 338 105 202 230 107 107 2.5351 
 20   1  18   2   1   0  0  1 1.00  51  42 323 37  9 265 115   0  0    1  39  42 323  37   9 265  -3   3 2.0070 
 20   1  18   2   1   0  0  1 1.00  52 249 25 223 53 322  89   0  0    4 218  53 249  25 223 322 165 165 1.5641 
 20   1  18   2   1   0  0  1 1.00  53  58 193 328 301 272 287   0  0    2 270 193  58 328 301 272  77  77 0.9950 
 20   1  18   2   1   0  0  1 1.00  54 246 127 316 219 260 153   0  0    2 105 127 246 316 219 260 -22  22 2.0331 
 20   1  18   2   1   0  0  1 1.00  55 147 48 41 299 11 236   0  0    4 310 299 147  48  41  11  11  11 2.7249 
 20   1  18   2   1   0  0  1 1.00  56 313 321 56 284 163   8   0  0    3  56  56 313 321 284 163   0   0 1.7645 
 20   1  18   2   1   0  0  2 2.25  57 208 12 29 139 22  30   0  0    3  69  29 208  12 139  22  40  40 1.8717 
 20   1  18   2   1   0  0  2 2.25  58 155 141 216 273 298  54   0  0    3 248 216 155 141 273 298  32  32 7.6707 
 20   1  18   2   1   0  0  2 2.25  59   5 77 165 57 102  12   0  0    5  61 102   5  77 165  57 -41  41 2.0873 
 20   1  18   2   1   0  0  2 2.25  60 173 305 169 353 14 319   0  0    3 173 169 173 305 353  14   4   4 4.3096 
 20   1  18   2   1   0  0  2 2.25  61  75 274 324 192 10 176   0  0    2 288 274  75 324 192  10  14  14 4.1606 
 20   1  18   2   1   0  0  1 1.00  62 241 85 342 82 171 166   0  0    3 357 342 241  85  82 171  15  15 2.1012 
 20   1  18   2   1   0  0  2 2.25  63 118 158 252 168 30 236   0  0    5  72  30 118 158 252 168  42  42 4.0587 
 20   1  18   2   1   0  0  1 1.00  64  43 86 163 125 23  82   0  0    2  72  86  43 163 125  23 -14  14 1.7635 
 20   1  18   2   1   0  0  2 2.25  65  55 192 117 320 262 220   0  0    3 103 117  55 192 320 262 -14  14 7.8386 
 20   1  18   2   1   0  0  1 1.00  66  50 169 199 114 166 246   0  0    4 109 114  50 169 199 166  -5   5 4.0998 
 20   1  18   2   1   0  0  2 2.25  67 183 341 111 292 167  19   0  0    1 164 183 341 111 292 167 -19  19 3.2711 
 20   1  18   2   1   0  0  2 2.25  68 183 197 38 13 81  71   0  0    5  81  81 183 197  38  13   0   0 2.4607 
 20   1  18   2   1   0  0  2 2.25  69  50 204 336 275 249  20   0  0    1  48  50 204 336 275 249  -2   2 2.6438 
 20   1  18   2   1   0  0  1 1.00  70 327 64 147 298 52 150   0  0    5  79  52 327  64 147 298  27  27 5.2947 
 20   1  18   2   1   0  0  2 2.25  71 164 257 314 242 218  47   0  0    2 269 257 164 314 242 218  12  12 1.6655 
 20   1  18   2   1   0  0  2 2.25  72 327 325 360 295 74  68   0  0    3  15 360 327 325 295  74  15  15 3.1767 
 20   1  18   2   1   0  0  2 2.25  73 357 214  4 136 18 129   0  0    3 353   4 357 214 136  18 -11  11 3.3864 
 20   1  18   2   1   0  0  1 1.00  74 307 343 38 344 125  85   0  0    4 331 344 307 343  38 125 -13  13 2.6785 
 20   1  18   2   1   0  0  2 2.25  75 353 221 334 310 26 144   0  0    3 310 334 353 221 310  26 -24  24 2.2288 
 20   1  18   2   1   0  0  1 1.00  76 106 226  7 206 139 358   0  0    5 191 139 106 226   7 206  52  52 2.5528 
 20   1  18   2   1   0  0  2 2.25  77  75 284 95 56 340 299   0  0    2 274 284  75  95  56 340 -10  10 1.4518 
 20   1  18   2   1   0  0  2 2.25  78  33 162 108 72 312 345   0  0    1  71  33 162 108  72 312  38  38 2.3000 
 20   1  18   2   1   0  0  1 1.00  79 219 266 277 181 265   7   0  0    4 217 181 219 266 277 265  36  36 2.2288 
 20   1  18   2   1   0  0  2 2.25  80  58 127 287 38 136 178   0  0    2 208 127  58 287  38 136  81  81 3.9735 
 20   1  18   2   1   0  0  2 2.25  81 193 105 320 166  5 296   0  0    3  23 320 193 105 166   5  63  63 4.1982 
 20   1  18   2   1   0  0  2 2.25  82 340 196 315 214 192 228   0  0    5 162 192 340 196 315 214 -30  30 2.9661 
 20   1  18   2   1   0  0  2 2.25  83 174 219 28 305 278 246   0  0    5 277 278 174 219  28 305  -1   1 2.3360 
 20   1  18   2   1   0  0  1 1.00  84 129 25 289 157 139  67   0  0    5 189 139 129  25 289 157  50  50 2.6393 
 20   1  18   2   1   0  0  2 2.25  85 337 198 191 166 153 237   0  0    3 189 191 337 198 166 153  -2   2 8.0548 
 20   1  18   2   1   0  0  2 2.25  86 226 331 310 77 354 136   0  0    3  69 310 226 331  77 354 119 119 2.3117 
 20   1  18   2   1   0  0  1 1.00  87 265 21 168 49 292  36   0  0    5 287 292 265  21 168  49  -5   5 1.8324 
 20   1  18   2   1   0  0  2 2.25  88 107 192 268 106 259 199   0  0    1 126 107 192 268 106 259  19  19 4.7049 
 20   1  18   2   1   0  0  1 1.00  89  91 351 239 71 241 176   0  0    4  73  71  91 351 239 241   2   2 3.9349 
 20   1  18   2   1   0  0  1 1.00  90  11 99 359 240 133 239   0  0    4 247 240  11  99 359 133   7   7 2.2125 
 20   1  18   2   1   0  0  2 2.25  91  10 108 190 223 327 135   0  0    2 101 108  10 190 223 327  -7   7 1.3979 
 20   1  18   2   1   0  0  1 1.00  92  10  7 71 298 196 318   0  0    2 358   7  10  71 298 196  -9   9 2.0516 
 20   1  18   2   1   0  0  2 2.25  93  63 252 78 116 90 161   0  0    2 237 252  63  78 116  90 -15  15 2.6912 
 20   1  18   2   1   0  0  1 1.00  94 111 133 194 322 98  99   0  0    5 122  98 111 133 194 322  24  24 4.2121 
 20   1  18   2   1   0  0  2 2.25  95 348 116 286 50 149 290   0  0    3 314 286 348 116  50 149  28  28 5.1872 
 20   1  18   2   1   0  0  1 1.00  96 311 32 197 282 129 142   0  0    3 199 197 311  32 282 129   2   2 2.7734 
 20   1  18   2   1   0  0  1 1.00  97 151 269 113 208 73  67   0  0    1 149 151 269 113 208  73  -2   2 2.9630 
 20   1  18   2   1   0  0  1 1.00  98  34 141 189 232 134 184   0  0    2 173 141  34 189 232 134  32  32 2.1049 
 20   1  18   2   1   0  0  1 1.00  99 355 126 146 308 123 136   0  0    5 126 123 355 126 146 308   3   3 3.2019 
 20   1  18   2   1   0  0  1 1.00 100 318 133 249 75 278 180   0  0    2 163 133 318 249  75 278  30  30 3.5656 
 20   1  18   2   0   1  1  0 1.00   1 182 240 185 216 276   1   5  0    5 290 276 182 240 185 216  14  14 6.3138 
 20   1  18   2   0   1  1  0 1.00   2  28 177 258 314 305  52   3  0    3 251 258  28 177 314 305  -7   7 3.1773 
 20   1  18   2   0   1  2  0 2.25   3 217 116 110 170 81 105   4  2    2  94 116 217 110 170  81 -22  22 2.0047 
 20   1  18   2   0   1  2  0 2.25   4 224 292 196 309 171  73   3  2    2 293 292 224 196 309 171   1   1 2.5682 
 20   1  18   2   1   1  2  0 2.25   1 125 78 160 276 76 115   2  4    4 282 276 125  78 160  76   6   6 1.8649 
 20   1  18   2   1   1  1  0 1.00   2  50 183 98 128 284 137   1  0    1  73  50 183  98 128 284  23  23 2.0227 
 20   1  18   2   1   1  2  0 2.25   3 261 61 338 162 266 282   3  2    2  82  61 261 338 162 266  21  21 2.0654 
 20   1  18   2   1   1  1  0 1.00   4 178 266 334 312 134 264   5  0    5 170 134 178 266 334 312  36  36 2.1830 
 20   1  18   2   1   1  2  0 2.25   5 231 61 214 267 359 345   4  5    5  19 359 231  61 214 267  20  20 4.5789 
 20   1  18   2   1   1  2  0 2.25   6 226 198 83 177 54 173   3  5    5  52  54 226 198  83 177  -2   2 1.7728 
 20   1  18   2   1   1  1  0 1.00   7 299 346 64 305 48 195   3  0    3  79  64 299 346 305  48  15  15 2.6227 
 20   1  18   2   1   1  1  0 1.00   8 108 126  2 124 128  77   3  0    3   9   2 108 126 124 128   7   7 1.7417 
 20   1  18   2   1   1  2  0 2.25   9 216 79 96 263 112 223   4  2    2  81  79 216  96 263 112   2   2 2.6201 
 20   1  18   2   1   1  1  0 1.00  10 353 95 55 243 272 271   1  0    1  25 353  95  55 243 272  32  32 3.5630 
 20   1  18   2   1   1  1  0 1.00  11 254 212 339 86  6 160   3  0    3  57 339 254 212  86   6  78  78 2.7475 
 20   1  18   2   1   1  2  0 2.25  12 266 247 185 187 339  59   1  3    3 164 185 266 247 187 339 -21  21 1.4321 
 20   1  18   2   1   1  1  0 1.00  13 139 120 247 196 152 218   3  0    3 245 247 139 120 196 152  -2   2 1.6718 
 20   1  18   2   1   1  1  0 1.00  14 303 241 145 245 72 161   2  0    2 243 241 303 145 245  72   2   2 2.7497 
 20   1  18   2   1   1  1  0 1.00  15 266 182 104 346 154 124   4  0    4 332 346 266 182 104 154 -14  14 2.2712 
 20   1  18   2   1   1  2  0 2.25  16  38 155 34 266 134 193   5  1    1  54  38 155  34 266 134  16  16 1.9037 
 20   1  18   2   1   1  2  0 2.25  17 333 103 48 92 273  96   4  2    2 103 103 333  48  92 273   0   0 1.9273 
 20   1  18   2   1   1  2  0 2.25  18 353 78 189 60 272 306   5  3    3 197 189 353  78  60 272   8   8 2.8942 
 20   1  18   2   1   1  1  0 1.00  19  24 156 258 203 146  88   5  0    5 173 146  24 156 258 203  27  27 2.1941 
 20   1  18   2   1   1  2  0 2.25  20  92 286 200 284 285 359   5  1    1  90  92 286 200 284 285  -2   2 3.1421 
 20   1  18   2   1   1  1  0 1.00  21 300 330 80 286 88 227   4  0    4 294 286 300 330  80  88   8   8 7.1436 
 20   1  18   2   1   1  2  0 2.25  22   5 14 261 44 320 207   3  2    2   9  14   5 261  44 320  -5   5 3.8881 
 20   1  18   2   1   1  2  0 2.25  23 150 35 43 331 27  38   1  5    5  51  27 150  35  43 331  24  24 1.2940 
 20   1  18   2   1   1  1  0 1.00  24 224 353 62 182 43  83   3  0    3  54  62 224 353 182  43  -8   8 2.8598 
 20   1  18   2   1   1  1  0 1.00  25 128 276 318 45 286 302   4  0    4  82  45 128 276 318 286  37  37 1.2331 
 20   1  18   2   1   1  2  0 2.25  26 324 156 249 40 346  75   5  2    2 161 156 324 249  40 346   5   5 2.4135 
 20   1  18   2   1   1  2  0 2.25  27 258 148 276 219 183 199   4  2    2 136 148 258 276 219 183 -12  12 3.5358 
 20   1  18   2   1   1  2  0 2.25  28  48 136 333 239 15  10   1  4    4 238 239  48 136 333  15  -1   1 1.7563 
 20   1  18   2   1   1  2  0 2.25  29 191 18 284 115 62 345   5  4    4 127 115 191  18 284  62  12  12 2.9541 
 20   1  18   2   1   1  1  0 1.00  30 114 161 288 131 97 355   2  0    2 163 161 114 288 131  97   2   2 3.5792 
 20   1  18   2   1   1  1  0 1.00  31   4 271 85 283 98 109   2  0    2 263 271   4  85 283  98  -8   8 2.0671 
 20   1  18   2   1   1  1  0 1.00  32 346 351 238 36 87 188   3  0    3 262 238 346 351  36  87  24  24 3.6886 
 20   1  18   2   1   1  2  0 2.25  33 175 147 97 65 206 121   2  1    1 162 175 147  97  65 206 -13  13 2.5989 
 20   1  18   2   1   1  1  0 1.00  34 229 258 235 238 94 335   5  0    5  64  94 229 258 235 238 -30  30 2.1744 
 20   1  18   2   1   1  1  0 1.00  35 147 19 271 238 151  36   1  0    1 164 147  19 271 238 151  17  17 4.1038 
 20   1  18   2   1   1  2  0 2.25  36  97 124 348 112 226 346   4  5    5 238 226  97 124 348 112  12  12 1.9650 
 20   1  18   2   1   1  2  0 2.25  37  42 181 113 28 122  24   3  5    5 111 122  42 181 113  28 -11  11 2.9218 
 20   1  18   2   1   1  1  0 1.00  38 128 135 21 51 54  42   3  0    3  26  21 128 135  51  54   5   5 2.5004 
 20   1  18   2   1   1  2  0 2.25  39  90 176 273 284 94  55   1  3    3 293 273  90 176 284  94  20  20 2.1873 
 20   1  18   2   1   1  2  0 2.25  40  18 227 62 16 50  55   1  5    5  54  50  18 227  62  16   4   4 1.7832 
 20   1  18   2   1   1  1  0 1.00  41 282 212 268 312 141  47   3  0    3 263 268 282 212 312 141  -5   5 4.9524 
 20   1  18   2   1   1  1  0 1.00  42 265 64 20 56 312 261   4  0    4  74  56 265  64  20 312  18  18 2.5753 
 20   1  18   2   1   1  2  0 2.25  43 193 114 57 265 107 335   2  1    1 212 193 114  57 265 107  19  19 2.6436 
 20   1  18   2   1   1  2  0 2.25  44  22 224  2 272 143 129   1  4    4 204 272  22 224   2 143 -68  68 2.7330 
 20   1  18   2   1   1  1  0 1.00  45 246 229  5 164 51 169   5  0    5  52  51 246 229   5 164   1   1 1.6870 
 20   1  18   2   1   1  2  0 2.25  46 269 277 301 22 99 190   5  3    3 337 301 269 277  22  99  36  36 2.0796 
 20   1  18   2   1   1  2  0 2.25  47  57 11 206 195 83  58   3  2    2   5  11  57 206 195  83  -6   6 1.4076 
 20   1  18   2   1   1  1  0 1.00  48 336 54 360 157 136 105   5  0    5 174 136 336  54 360 157  38  38 1.7766 
 20   1  18   2   1   1  2  0 2.25  49  44 86 169 81 226 167   3  5    5 223 226  44  86 169  81  -3   3 1.6936 
 20   1  18   2   1   1  2  0 2.25  50 119 78 30 113 360 238   1  3    3  66  30 119  78 113 360  36  36 1.7262 
 20   1  18   2   1   1  2  0 2.25  51 110 147 319 340 265  20   3  2    2 193 147 110 319 340 265  46  46 2.3772 
 20   1  18   2   1   1  2  0 2.25  52 221 205 338 317 273 316   2  1    1 225 221 205 338 317 273   4   4 2.4296 
 20   1  18   2   1   1  2  0 2.25  53 220 58 310 31 46  98   5  4    4  36  31 220  58 310  46   5   5 3.6473 
 20   1  18   2   1   1  2  0 2.25  54  39 244 42 85 352  19   2  1    1  62  39 244  42  85 352  23  23 1.9196 
 20   1  18   2   1   1  1  0 1.00  55 295 321 180 56  7 214   1  0    1 316 295 321 180  56   7  21  21 3.7793 
 20   1  18   2   1   1  1  0 1.00  56 191 96 165 56 108 148   4  0    4  55  56 191  96 165 108  -1   1 3.0109 
 20   1  18   2   1   1  2  0 2.25  57 258  9 209 354 122 259   1  3    3 207 209 258   9 354 122  -2   2 3.8453 
 20   1  18   2   1   1  1  0 1.00  58 214 241 229 93 135 321   3  0    3 205 229 214 241  93 135 -24  24 2.5540 
 20   1  18   2   1   1  2  0 2.25  59 302 128 352  1 335  46   1  4    4 359   1 302 128 352 335  -2   2 3.5029 
 20   1  18   2   1   1  1  0 1.00  60 115 311 209 10 275 305   5  0    5 139 275 115 311 209  10 -136 136 1.5455 
 20   1  18   2   1   1  2  0 2.25  61 224 349 96 143 19 290   4  2    2 337 349 224  96 143  19 -12  12 1.8155 
 20   1  18   2   1   1  1  0 1.00  62 354 65 202 16 246 158   2  0    2  71  65 354 202  16 246   6   6 1.2073 
 20   1  18   2   1   1  2  0 2.25  63  11 116 138 128 252 275   3  1    1 359  11 116 138 128 252 -12  12 2.0918 
 20   1  18   2   1   1  1  0 1.00  64  51 99 302 130 124 261   3  0    3 311 302  51  99 130 124   9   9 2.1126 
 20   1  18   2   1   1  1  0 1.00  65 131 256 91 274 42 167   1  0    1 127 131 256  91 274  42  -4   4 3.4047 
 20   1  18   2   1   1  1  0 1.00  66 351 192 85 195 301 253   2  0    2 171 192 351  85 195 301 -21  21 2.1234 
 20   1  18   2   1   1  2  0 2.25  67 288 349 135 204 262  37   5  4    4 160 204 288 349 135 262 -44  44 3.0821 
 20   1  18   2   1   1  2  0 2.25  68 226 341 273 39 279 102   1  3    3 253 273 226 341  39 279 -20  20 2.5130 
 20   1  18   2   1   1  2  0 2.25  69 155 349  3 99 30 310   4  3    3 337   3 155 349  99  30 -26  26 1.5433 
 20   1  18   2   1   1  2  0 2.25  70  50 55 196 268 174  14   3  4    4 283 268  50  55 196 174  15  15 1.8059 
 20   1  18   2   1   1  1  0 1.00  71 114 337 307 195 38  78   3  0    3 304 307 114 337 195  38  -3   3 2.4464 
 20   1  18   2   1   1  2  0 2.25  72 164 60 198 307 275 269   5  4    4 339 307 164  60 198 275  32  32 2.3274 
 20   1  18   2   1   1  2  0 2.25  73  36  6 285 288 281  45   5  3    3 281 285  36   6 288 281  -4   4 2.2858 
 20   1  18   2   1   1  2  0 2.25  74 352 76 63  9 155 331   4  3    3  50  63 352  76   9 155 -13  13 1.8857 
 20   1  18   2   1   1  2  0 2.25  75  88 108 281 358 42 214   1  3    3 279 281  88 108 358  42  -2   2 3.3340 
 20   1  18   2   1   1  2  0 2.25  76  81 168 285 342 299 167   3  4    4 327 342  81 168 285 299 -15  15 2.2829 
 20   1  18   2   1   1  1  0 1.00  77 300 187 116 12 27  37   5  0    5 308  27 300 187 116  12 -79  79 1.6395 
 20   1  18   2   1   1  1  0 1.00  78  55 228 217 277 77  92   5  0    5  52  77  55 228 217 277 -25  25 2.4709 
 20   1  18   2   1   1  1  0 1.00  79 251 172 84 58 18 215   1  0    1 135 251 172  84  58  18 -116 116 2.9639 
 20   1  18   2   1   1  1  0 1.00  80 306 305 32 129 234 155   4  0    4 104 129 306 305  32 234 -25  25 2.1484 
 20   1  18   2   1   1  1  0 1.00  81  58 101 97 149 11 178   5  0    5  27  11  58 101  97 149  16  16 2.5985 
 20   1  18   2   1   1  1  0 1.00  82 110 162 336 322 108 354   4  0    4 317 322 110 162 336 108  -5   5 1.8061 
 20   1  18   2   1   1  1  0 1.00  83 169 62 69 56 357 314   5  0    5 159 357 169  62  69  56 162 162 3.0467 
 20   1  18   2   1   1  1  0 1.00  84  69 78 264 289 235 319   5  0    5 239 235  69  78 264 289   4   4 1.6924 
 20   1  18   2   1   1  1  0 1.00  85  55 298 325 10 58 344   3  0    3 317 325  55 298  10  58  -8   8 2.1377 
 20   1  18   2   1   1  1  0 1.00  86 306 139 309 354 44  26   2  0    2 164 139 306 309 354  44  25  25 3.7565 
 20   1  18   2   1   1  2  0 2.25  87 240 86 38 160 244 244   4  2    2  86  86 240  38 160 244   0   0 1.3680 
 20   1  18   2   1   1  1  0 1.00  88 242 225 287 64 212 283   1  0    1 230 242 225 287  64 212 -12  12 4.5543 
 20   1  18   2   1   1  1  0 1.00  89 255 60 318  1 332 350   4  0    4  15   1 255  60 318 332  14  14 2.2737 
 20   1  18   2   1   1  1  0 1.00  90 207 324 218 163 173 269   5  0    5 188 173 207 324 218 163  15  15 2.6710 
 20   1  18   2   1   1  2  0 2.25  91 196 62 274 213 253 150   2  5    5 270 253 196  62 274 213  17  17 3.3991 
 20   1  18   2   1   1  2  0 2.25  92 167 203 80 17 25 131   2  3    3  85  80 167 203  17  25   5   5 4.5450 
 20   1  18   2   1   1  2  0 2.25  93 326 345 101 212 175  70   4  5    5 140 175 326 345 101 212 -35  35 7.6041 
 20   1  18   2   1   1  1  0 1.00  94 144 244 36 275 116 265   1  0    1 107 144 244  36 275 116 -37  37 2.5821 
 20   1  18   2   1   1  1  0 1.00  95 319 303 91 13 360 162   5  0    5  18 360 319 303  91  13  18  18 3.4544 
 20   1  18   2   1   1  1  0 1.00  96 246 311 98 120 310 211   1  0    1 243 246 311  98 120 310  -3   3 1.5791 
 20   1  18   2   1   1  1  0 1.00  97 252 287 55 197 85 192   3  0    3  58  55 252 287 197  85   3   3 2.5885 
 20   1  18   2   1   1  2  0 2.25  98  91 84 287 234 75 109   2  1    1  89  91  84 287 234  75  -2   2 2.1599 
 20   1  18   2   1   1  1  0 1.00  99 223 216 246 190 51  52   4  0    4 222 190 223 216 246  51  32  32 1.2421 
 20   1  18   2   1   1  2  0 2.25 100   5 88 44 273 74 183   1  3    3  98  44   5  88 273  74  54  54 1.7491 
