 22   1  19   1   0   0  0  1 1.00   1  11 349 233 300 311  66   0  0    1 316  11 349 233 300 311 -55  55 1.7491 
 22   1  19   1   0   0  0  2 2.25   2 309 108 318 13 310 221   0  0    3   9 318 309 108  13 310  51  51 2.6164 
 22   1  19   1   0   0  0  2 2.25   3  67 37 89 209 246 355   0  0    3  53  89  67  37 209 246 -36  36 2.1048 
 22   1  19   1   0   0  0  1 1.00   4  43 24 62 149 80 306   0  0    4  85 149  43  24  62  80 -64  64 2.6337 
 22   1  19   1   1   0  0  2 2.25   1 116 16 217  9 88 111   0  0    1 125 116  16 217   9  88   9   9 1.5200 
 22   1  19   1   1   0  0  1 1.00   2 140 334 50 114 286 110   0  0    4 312 114 140 334  50 286 -162 162 1.5129 
 22   1  19   1   1   0  0  2 2.25   3  27 110 251 305 217 212   0  0    5   4 217  27 110 251 305 147 147 3.9745 
 22   1  19   1   1   0  0  1 1.00   4 281 150 190 48 11 360   0  0    3 278 190 281 150  48  11  88  88 1.3787 
 22   1  19   1   1   0  0  1 1.00   5 202 114 71 225 340 327   0  0    5 187 340 202 114  71 225 -153 153 1.4171 
 22   1  19   1   1   0  0  1 1.00   6 155 358 348 317 227 196   0  0    2 153 358 155 348 317 227 155 155 1.5582 
 22   1  19   1   1   0  0  2 2.25   7  12 52 201 162 85 241   0  0    3   8 201  12  52 162  85 167 167 2.3144 
 22   1  19   1   1   0  0  1 1.00   8 201 306 235 281 307 164   0  0    2 196 306 201 235 281 307 -110 110 1.3545 
 22   1  19   1   1   0  0  2 2.25   9 305 286 221 29 182 242   0  0    2 326 286 305 221  29 182  40  40 2.2229 
 22   1  19   1   1   0  0  2 2.25  10 154 182 265 113 266  64   0  0    1 159 154 182 265 113 266   5   5 1.6956 
 22   1  19   1   1   0  0  1 1.00  11  99 344 161 78 330 320   0  0    3  98 161  99 344  78 330 -63  63 1.6811 
 22   1  19   1   1   0  0  2 2.25  12 259 94 354 35 203 354   0  0    2 279  94 259 354  35 203 -175 175 1.4078 
 22   1  19   1   1   0  0  1 1.00  13 286 206 244 64 135 348   0  0    4 287  64 286 206 244 135 -137 137 1.8296 
 22   1  19   1   1   0  0  1 1.00  14  67 127 35 199 286 330   0  0    5  71 286  67 127  35 199 145 145 1.5215 
 22   1  19   1   1   0  0  1 1.00  15 263 166 342 125 44 227   0  0    5 273  44 263 166 342 125 -131 131 1.3706 
 22   1  19   1   1   0  0  1 1.00  16 266 286 92 136 277 111   0  0    3 263  92 266 286 136 277 171 171 1.6976 
 22   1  19   1   1   0  0  1 1.00  17  27 155 110 26 312 326   0  0    2  35 155  27 110  26 312 -120 120 2.4191 
 22   1  19   1   1   0  0  2 2.25  18  99 253 33 350 134 122   0  0    2 102 253  99  33 350 134 -151 151 1.7556 
 22   1  19   1   1   0  0  1 1.00  19 113 242 258 343 33 162   0  0    3 120 258 113 242 343  33 -138 138 2.9710 
 22   1  19   1   1   0  0  2 2.25  20  31 181 278 35 183 130   0  0    3  44 278  31 181  35 183 126 126 1.7170 
 22   1  19   1   1   0  0  1 1.00  21 133 87 162 31 271 157   0  0    3 130 162 133  87  31 271 -32  32 2.7817 
 22   1  19   1   1   0  0  2 2.25  22  38 253 61 308 51 308   0  0    4  45 308  38 253  61  51  97  97 2.5911 
 22   1  19   1   1   0  0  2 2.25  23 336 318 81 238 316 272   0  0    5 348 316 336 318  81 238  32  32 2.3129 
 22   1  19   1   1   0  0  1 1.00  24 167 79 308 230 180 267   0  0    3 170 308 167  79 230 180 -138 138 2.0329 
 22   1  19   1   1   0  0  2 2.25  25 310 237 288 31 89 283   0  0    3 322 288 310 237  31  89  34  34 1.3933 
 22   1  19   1   1   0  0  1 1.00  26 230 213 82 354 323 183   0  0    1 274 230 213  82 354 323  44  44 26.0722 
 22   1  19   1   1   0  0  1 1.00  27  52 35 276 120 322 120   0  0    2  68  35  52 276 120 322  33  33 1.3292 
 22   1  19   1   1   0  0  2 2.25  28 148 343 299 51 69  15   0  0    1 164 148 343 299  51  69  16  16 1.6623 
 22   1  19   1   1   0  0  1 1.00  29 177 125  9 215 207 233   0  0    1 174 177 125   9 215 207  -3   3 1.9611 
 22   1  19   1   1   0  0  2 2.25  30 160 75 34 286 108 330   0  0    4 279 286 160  75  34 108  -7   7 1.5969 
 22   1  19   1   1   0  0  2 2.25  31 288 25 97 211 251  92   0  0    1 358 288  25  97 211 251  70  70 1.1430 
 22   1  19   1   1   0  0  1 1.00  32 202 342 155 31 121 322   0  0    1 191 202 342 155  31 121 -11  11 2.2797 
 22   1  19   1   1   0  0  2 2.25  33 302 114 170 326 46 330   0  0    2 167 114 302 170 326  46  53  53 6.0457 
 22   1  19   1   1   0  0  2 2.25  34 122 204 209  7 62 196   0  0    4  73   7 122 204 209  62  66  66 2.0735 
 22   1  19   1   1   0  0  2 2.25  35 336 157 199 305 254 230   0  0    5 295 254 336 157 199 305  41  41 1.7045 
 22   1  19   1   1   0  0  1 1.00  36  25 211 136 246 280 289   0  0    4 184 246  25 211 136 280 -62  62 2.9699 
 22   1  19   1   1   0  0  2 2.25  37 332 86 308 152 63 295   0  0    4  61 152 332  86 308  63 -91  91 1.6199 
 22   1  19   1   1   0  0  1 1.00  38 229 23 336 114 284 196   0  0    5  42 284 229  23 336 114 118 118 3.4247 
 22   1  19   1   1   0  0  1 1.00  39 201 265 208 79 298 254   0  0    2 275 265 201 208  79 298  10  10 2.7235 
 22   1  19   1   1   0  0  1 1.00  40  24 135 124 131 35 161   0  0    3 186 124  24 135 131  35  62  62 2.6671 
 22   1  19   1   1   0  0  2 2.25  41 180 248 214 119 278  22   0  0    2 273 248 180 214 119 278  25  25 2.5614 
 22   1  19   1   1   0  0  2 2.25  42 125 260  8 179 225  79   0  0    3 270   8 125 260 179 225 -98  98 2.1965 
 22   1  19   1   1   0  0  2 2.25  43  82 320 56 179 29 258   0  0    5  91  29  82 320  56 179  62  62 3.1499 
 22   1  19   1   1   0  0  1 1.00  44 123 141 306 52 269 256   0  0    5 273 269 123 141 306  52   4   4 2.0277 
 22   1  19   1   1   0  0  2 2.25  45 240 66 104 204 338 101   0  0    3 276 104 240  66 204 338 172 172 2.5327 
 22   1  19   1   1   0  0  2 2.25  46 153 34 194 94 119  53   0  0    5  91 119 153  34 194  94 -28  28 2.4964 
 22   1  19   1   1   0  0  2 2.25  47 320 71 161 95 347 250   0  0    3 167 161 320  71  95 347   6   6 3.3423 
 22   1  19   1   1   0  0  1 1.00  48 202 121 244 182 142  65   0  0    1 173 202 121 244 182 142 -29  29 3.0205 
 22   1  19   1   1   0  0  1 1.00  49 358 196 99 18 204 209   0  0    5 187 204 358 196  99  18 -17  17 1.7838 
 22   1  19   1   1   0  0  1 1.00  50 275 206 270 36 197 253   0  0    3 268 270 275 206  36 197  -2   2 1.8779 
 22   1  19   1   1   0  0  1 1.00  51 234 287 47 143 266 199   0  0    1 239 234 287  47 143 266   5   5 2.0391 
 22   1  19   1   1   0  0  1 1.00  52  81 134 189 113 98  16   0  0    2 128 134  81 189 113  98  -6   6 3.3068 
 22   1  19   1   1   0  0  2 2.25  53 198 352 283 336 315 118   0  0    3 275 283 198 352 336 315  -8   8 2.5430 
 22   1  19   1   1   0  0  1 1.00  54 134 347 128 257  6 327   0  0    1 285 134 347 128 257   6 151 151 2.0782 
 22   1  19   1   1   0  0  1 1.00  55 352 290 278 80 263 201   0  0    4  77  80 352 290 278 263  -3   3 3.0645 
 22   1  19   1   1   0  0  2 2.25  56 139 360 141 74  9  56   0  0    5 358   9 139 360 141  74 -11  11 1.7424 
 22   1  19   1   1   0  0  1 1.00  57 162 311 325 168 160 319   0  0    3 327 325 162 311 168 160   2   2 1.4944 
 22   1  19   1   1   0  0  1 1.00  58 230 22 277 85 18  63   0  0    5  97  18 230  22 277  85  79  79 4.5287 
 22   1  19   1   1   0  0  2 2.25  59 333 15 37 118 339 348   0  0    4 151 118 333  15  37 339  33  33 1.9629 
 22   1  19   1   1   0  0  1 1.00  60 209 154 61 318 32 299   0  0    5  55  32 209 154  61 318  23  23 1.7934 
 22   1  19   1   1   0  0  2 2.25  61 332 175 170 106 237  48   0  0    2 159 175 332 170 106 237 -16  16 2.7959 
 22   1  19   1   1   0  0  2 2.25  62 343 100 222 28 234 287   0  0    4  64  28 343 100 222 234  36  36 1.3095 
 22   1  19   1   1   0  0  2 2.25  63 255 222 184 92 165 350   0  0    3 178 184 255 222  92 165  -6   6 1.8200 
 22   1  19   1   1   0  0  2 2.25  64 194 76 246 228 151  32   0  0    1 275 194  76 246 228 151  81  81 1.8371 
 22   1  19   1   1   0  0  2 2.25  65 298 225 280 67 101 146   0  0    1 302 298 225 280  67 101   4   4 2.0297 
 22   1  19   1   1   0  0  2 2.25  66  54 336  8 236 247  33   0  0    5 286 247  54 336   8 236  39  39 2.0140 
 22   1  19   1   1   0  0  2 2.25  67 343 143 285 324 316  87   0  0    1 318 343 143 285 324 316 -25  25 3.5910 
 22   1  19   1   1   0  0  1 1.00  68  19 341 299 267 116 199   0  0    5 119 116  19 341 299 267   3   3 1.7310 
 22   1  19   1   1   0  0  2 2.25  69 273 84 282 145 144  73   0  0    2  82  84 273 282 145 144  -2   2 1.8236 
 22   1  19   1   1   0  0  1 1.00  70 118 248 336 76 315  13   0  0    5 294 315 118 248 336  76 -21  21 2.7483 
 22   1  19   1   1   0  0  1 1.00  71  88 313 359 35 267 316   0  0    1  91  88 313 359  35 267   3   3 1.5225 
 22   1  19   1   1   0  0  2 2.25  72  79 61 232 190 226 150   0  0    4 184 190  79  61 232 226  -6   6 2.7920 
 22   1  19   1   1   0  0  2 2.25  73 151 266 289 326 179 161   0  0    1 142 151 266 289 326 179  -9   9 3.4736 
 22   1  19   1   1   0  0  1 1.00  74 105 334 342 308 162  32   0  0    3 319 342 105 334 308 162 -23  23 1.9703 
 22   1  19   1   1   0  0  1 1.00  75 211 245 183 85 359 239   0  0    1 148 211 245 183  85 359 -63  63 2.3848 
 22   1  19   1   1   0  0  1 1.00  76  14 24 281 218 286  54   0  0    1 356  14  24 281 218 286 -18  18 1.1629 
 22   1  19   1   1   0  0  2 2.25  77 252 199 55 254 258  83   0  0    5 267 258 252 199  55 254   9   9 1.4389 
 22   1  19   1   1   0  0  1 1.00  78 228 350 330 250 333 139   0  0    1 206 228 350 330 250 333 -22  22 2.1313 
 22   1  19   1   1   0  0  1 1.00  79 345 55 126 90 26 170   0  0    1  54 345  55 126  90  26  69  69 1.3309 
 22   1  19   1   1   0  0  2 2.25  80 328 65 209 155 297 139   0  0    2  80  65 328 209 155 297  15  15 1.7920 
 22   1  19   1   1   0  0  1 1.00  81 242 314 241 165 96 312   0  0    2 245 314 242 241 165  96 -69  69 2.9020 
 22   1  19   1   1   0  0  1 1.00  82 248 322 70 137  6 201   0  0    2 285 322 248  70 137   6 -37  37 2.8300 
 22   1  19   1   1   0  0  1 1.00  83  26 25 319 297 318 328   0  0    4 293 297  26  25 319 318  -4   4 2.2416 
 22   1  19   1   1   0  0  2 2.25  84  22 125 246 195 108 284   0  0    2 147 125  22 246 195 108  22  22 3.4176 
 22   1  19   1   1   0  0  1 1.00  85 219 162 33 327 157  35   0  0    5 176 157 219 162  33 327  19  19 2.3805 
 22   1  19   1   1   0  0  1 1.00  86 334 163 95 130 103 181   0  0    1 101 334 163  95 130 103 127 127 1.4738 
 22   1  19   1   1   0  0  2 2.25  87 203 68 221 192 290 193   0  0    4 329 192 203  68 221 290 137 137 1.3614 
 22   1  19   1   1   0  0  1 1.00  88  84 148 40 107 332 147   0  0    2  36 148  84  40 107 332 -112 112 2.4892 
 22   1  19   1   1   0  0  2 2.25  89 242 152 218  9 204 198   0  0    4 322   9 242 152 218 204 -47  47 1.5670 
 22   1  19   1   1   0  0  2 2.25  90 340 339 73 149 225 141   0  0    5 173 225 340 339  73 149 -52  52 1.8427 
 22   1  19   1   1   0  0  1 1.00  91  69 105 295 103 323  83   0  0    3 104 295  69 105 103 323 169 169 2.3665 
 22   1  19   1   1   0  0  2 2.25  92  50 40 209 339 141 317   0  0    3 198 209  50  40 339 141 -11  11 3.8652 
 22   1  19   1   1   0  0  1 1.00  93 308 221 168 187 158 223   0  0    3 175 168 308 221 187 158   7   7 2.3135 
 22   1  19   1   1   0  0  1 1.00  94 326 211 360 164 36 303   0  0    2 170 211 326 360 164  36 -41  41 2.7775 
 22   1  19   1   1   0  0  2 2.25  95 163 75 93 38 126 123   0  0    2  57  75 163  93  38 126 -18  18 2.4036 
 22   1  19   1   1   0  0  2 2.25  96 319 116 301 106 180   9   0  0    1 303 319 116 301 106 180 -16  16 1.6769 
 22   1  19   1   1   0  0  2 2.25  97 160 125 321 108 25 328   0  0    2 320 125 160 321 108  25 -165 165 3.1723 
 22   1  19   1   1   0  0  2 2.25  98 200 157 13 76 189 210   0  0    2 164 157 200  13  76 189   7   7 1.7980 
 22   1  19   1   1   0  0  2 2.25  99 288 352 248 142 145 170   0  0    1 298 288 352 248 142 145  10  10 2.4479 
 22   1  19   1   1   0  0  2 2.25 100  48 129 111 342 147 175   0  0    3 188 111  48 129 342 147  77  77 1.4231 
 22   1  19   1   0   1  1  0 1.00   1   2 135 315 56 50 115   2  0    2 131 135   2 315  56  50  -4   4 1.5890 
 22   1  19   1   0   1  2  0 2.25   2 345 212 338 147 254  23   3  1    1 292 345 212 338 147 254 -53  53 1.0736 
 22   1  19   1   0   1  2  0 2.25   3 243 53 322 95 104 123   4  1    1 237 243  53 322  95 104  -6   6 1.8916 
 22   1  19   1   0   1  1  0 1.00   4 152 160 60 242 345 291   4  0    4 243 242 152 160  60 345   1   1 1.4647 
 22   1  19   1   1   1  1  0 1.00   1 330 226 75  9 336  19   1  0    1 316 330 226  75   9 336 -14  14 1.1269 
 22   1  19   1   1   1  2  0 2.25   2  48 316 29 31 199 337   1  2    2 309 316  48  29  31 199  -7   7 1.2466 
 22   1  19   1   1   1  1  0 1.00   3 316 16 215 327 290  22   4  0    4 299 327 316  16 215 290 -28  28 2.1658 
 22   1  19   1   1   1  1  0 1.00   4 209 339 221 280 121 124   2  0    2 131 339 209 221 280 121 152 152 2.5352 
 22   1  19   1   1   1  1  0 1.00   5 117 206 356 192 282  72   4  0    4 204 192 117 206 356 282  12  12 1.1776 
 22   1  19   1   1   1  1  0 1.00   6 241 328 181 178 101  54   1  0    1 239 241 328 181 178 101  -2   2 1.4522 
 22   1  19   1   1   1  2  0 2.25   7 344 287 263 136 45 201   4  2    2 262 287 344 263 136  45 -25  25 1.6624 
 22   1  19   1   1   1  2  0 2.25   8 328 44 87 337 240 100   2  5    5 244 240 328  44  87 337   4   4 2.2235 
 22   1  19   1   1   1  1  0 1.00   9 212 296 152 185 360  38   2  0    2  67 296 212 152 185 360 131 131 3.2790 
 22   1  19   1   1   1  2  0 2.25  10  92 340 198 221 308 137   3  1    1  47  92 340 198 221 308 -45  45 1.5424 
 22   1  19   1   1   1  1  0 1.00  11 112 274 175 241 259 157   2  0    2 151 274 112 175 241 259 -123 123 2.6019 
 22   1  19   1   1   1  2  0 2.25  12  89 177 356  7 269  50   5  3    3  87 356  89 177   7 269  91  91 2.1810 
 22   1  19   1   1   1  1  0 1.00  13 258 34 250 241 14 130   4  0    4  56 241 258  34 250  14 175 175 4.0615 
 22   1  19   1   1   1  2  0 2.25  14  83 150 242  4 337 311   1  3    3 248 242  83 150   4 337   6   6 1.2527 
 22   1  19   1   1   1  1  0 1.00  15 323 205 99 75 50 149   4  0    4  82  75 323 205  99  50   7   7 1.5558 
 22   1  19   1   1   1  1  0 1.00  16 167 70 113 247 334 216   2  0    2  63  70 167 113 247 334  -7   7 1.5267 
 22   1  19   1   1   1  2  0 2.25  17 325 320 275 343 267  89   5  1    1 342 325 320 275 343 267  17  17 1.6542 
 22   1  19   1   1   1  1  0 1.00  18 126 334 59 340  6  57   5  0    5 155   6 126 334  59 340 149 149 4.8448 
 22   1  19   1   1   1  1  0 1.00  19 136 306 184 337 59  72   3  0    3 130 184 136 306 337  59 -54  54 2.7926 
 22   1  19   1   1   1  2  0 2.25  20  63 304 331 288 39 254   4  3    3 298 331  63 304 288  39 -33  33 1.2039 
 22   1  19   1   1   1  2  0 2.25  21 221 322 307 99 167  36   2  1    1 208 221 322 307  99 167 -13  13 1.6723 
 22   1  19   1   1   1  2  0 2.25  22 160 144 161  5 90 199   2  4    4 357   5 160 144 161  90  -8   8 2.1056 
 22   1  19   1   1   1  2  0 2.25  23 339 162 164 36 207 254   1  2    2 185 162 339 164  36 207  23  23 1.5530 
 22   1  19   1   1   1  1  0 1.00  24  81 282 40 285 66 143   2  0    2 294 282  81  40 285  66  12  12 2.5878 
 22   1  19   1   1   1  2  0 2.25  25  11 82 353 55 50 201   5  2    2  68  82  11 353  55  50 -14  14 3.6553 
 22   1  19   1   1   1  1  0 1.00  26  56 327 45 316 277  83   3  0    3  64  45  56 327 316 277  19  19 1.4763 
 22   1  19   1   1   1  1  0 1.00  27  82 350 145 312 135 236   1  0    1  73  82 350 145 312 135  -9   9 1.1545 
 22   1  19   1   1   1  1  0 1.00  28 253 64 339 346 317 142   1  0    1 273 253  64 339 346 317  20  20 1.3100 
 22   1  19   1   1   1  2  0 2.25  29 236 351 57 173 87  18   2  5    5 150  87 236 351  57 173  63  63 1.9581 
 22   1  19   1   1   1  1  0 1.00  30 102 148 103 216 256 356   4  0    4 151 216 102 148 103 256 -65  65 4.2724 
 22   1  19   1   1   1  1  0 1.00  31  12 10 125 245 275 284   4  0    4 242 245  12  10 125 275  -3   3 1.7316 
 22   1  19   1   1   1  2  0 2.25  32  87 321 249 54 355 116   5  3    3 262 249  87 321  54 355  13  13 1.4741 
 22   1  19   1   1   1  2  0 2.25  33 337 37 134 210 329 332   3  5    5 270 329 337  37 134 210 -59  59 2.7235 
 22   1  19   1   1   1  2  0 2.25  34 210 32  8 256 27  32   2  3    3 325   8 210  32 256  27 -43  43 1.1856 
 22   1  19   1   1   1  2  0 2.25  35 347 141 318 90 131  45   1  3    3 134 318 347 141  90 131 176 176 1.0307 
 22   1  19   1   1   1  2  0 2.25  36 229 57 312 349 31 261   2  4    4 328 349 229  57 312  31 -21  21 1.6740 
 22   1  19   1   1   1  1  0 1.00  37 180 200 234 268 109 111   1  0    1 158 180 200 234 268 109 -22  22 1.9920 
 22   1  19   1   1   1  2  0 2.25  38 189 244 320 22 214  59   2  4    4  41  22 189 244 320 214  19  19 3.0442 
 22   1  19   1   1   1  2  0 2.25  39  34 254 193 83 179 286   4  5    5 151 179  34 254 193  83 -28  28 2.1252 
 22   1  19   1   1   1  1  0 1.00  40 257 36 264 223 142 130   2  0    2  50  36 257 264 223 142  14  14 2.1687 
 22   1  19   1   1   1  1  0 1.00  41 258 336 315 209 177 119   5  0    5 140 177 258 336 315 209 -37  37 2.9062 
 22   1  19   1   1   1  1  0 1.00  42   1 30 328 15 39 252   2  0    2  75  30   1 328  15  39  45  45 1.5734 
 22   1  19   1   1   1  2  0 2.25  43 266 153 306 171 42  16   1  2    2 148 153 266 306 171  42  -5   5 3.0428 
 22   1  19   1   1   1  2  0 2.25  44  15 31 345 329 194 221   4  2    2  34  31  15 345 329 194   3   3 2.3798 
 22   1  19   1   1   1  1  0 1.00  45  39 99 191 224 129 131   4  0    4 234 224  39  99 191 129  10  10 2.5004 
 22   1  19   1   1   1  2  0 2.25  46 275 70 117 324 334  23   2  3    3  90 117 275  70 324 334 -27  27 2.6034 
 22   1  19   1   1   1  2  0 2.25  47  28 320 357 153 84 313   1  3    3 264 357  28 320 153  84 -93  93 1.1102 
 22   1  19   1   1   1  1  0 1.00  48 165 218 61 238 24  69   1  0    1 192 165 218  61 238  24  27  27 1.3315 
 22   1  19   1   1   1  2  0 2.25  49 178 314  7 269 21 226   2  1    1 268 178 314   7 269  21  90  90 1.2744 
 22   1  19   1   1   1  1  0 1.00  50 165 245 226 80 314 232   5  0    5 322 314 165 245 226  80   8   8 1.5130 
 22   1  19   1   1   1  2  0 2.25  51  55 272 305 110 217  47   2  1    1  41  55 272 305 110 217 -14  14 1.1428 
 22   1  19   1   1   1  2  0 2.25  52 334 92 256 266 288 328   4  1    1 304 334  92 256 266 288 -30  30 1.4139 
 22   1  19   1   1   1  2  0 2.25  53  63 223 215 190 306 312   4  1    1 352  63 223 215 190 306 -71  71 0.9935 
 22   1  19   1   1   1  2  0 2.25  54 117 234 323 251 333 349   5  1    1 128 117 234 323 251 333  11  11 2.2068 
 22   1  19   1   1   1  1  0 1.00  55 304 83 293 29 353 171   3  0    3 298 293 304  83  29 353   5   5 1.6549 
 22   1  19   1   1   1  1  0 1.00  56 266 233 113 260 248 124   1  0    1 271 266 233 113 260 248   5   5 1.1576 
 22   1  19   1   1   1  2  0 2.25  57  69 107 147 294 156  21   4  2    2 134 107  69 147 294 156  27  27 1.8841 
 22   1  19   1   1   1  1  0 1.00  58  14 276 217 159 40 330   3  0    3 205 217  14 276 159  40 -12  12 2.4012 
 22   1  19   1   1   1  1  0 1.00  59   4 139 346 63 238 210   1  0    1 359   4 139 346  63 238  -5   5 1.7531 
 22   1  19   1   1   1  1  0 1.00  60 229 162 50 245 156  45   2  0    2 218 162 229  50 245 156  56  56 2.8437 
 22   1  19   1   1   1  1  0 1.00  61 261 138 255 354 59 174   2  0    2 154 138 261 255 354  59  16  16 2.4817 
 22   1  19   1   1   1  1  0 1.00  62  38 96 35 116 309   9   5  0    5 293 309  38  96  35 116 -16  16 1.2621 
 22   1  19   1   1   1  1  0 1.00  63 212 207 285 218 334   8   3  0    3 294 285 212 207 218 334   9   9 2.0446 
 22   1  19   1   1   1  2  0 2.25  64 248 32 261 76 143 355   1  4    4 138  76 248  32 261 143  62  62 1.8548 
 22   1  19   1   1   1  2  0 2.25  65  93 281 337 204 277 328   2  4    4 194 204  93 281 337 277 -10  10 1.9844 
 22   1  19   1   1   1  2  0 2.25  66 315 182 230 272 39 229   1  4    4 264 272 315 182 230  39  -8   8 3.9246 
 22   1  19   1   1   1  1  0 1.00  67  78 103 163 19 123 119   4  0    4   4  19  78 103 163 123 -15  15 1.5421 
 22   1  19   1   1   1  1  0 1.00  68 341 344 86  6 150 354   1  0    1 324 341 344  86   6 150 -17  17 1.2497 
 22   1  19   1   1   1  1  0 1.00  69  71 38 170 175 295  73   5  0    5 304 295  71  38 170 175   9   9 1.4327 
 22   1  19   1   1   1  1  0 1.00  70 291 176 136 43 163  57   3  0    3 159 136 291 176  43 163  23  23 1.4325 
 22   1  19   1   1   1  1  0 1.00  71 207 25 234 248 107  76   1  0    1 200 207  25 234 248 107  -7   7 2.6800 
 22   1  19   1   1   1  2  0 2.25  72 307 236 161 75  5  35   1  2    2 235 236 307 161  75   5  -1   1 1.4554 
 22   1  19   1   1   1  1  0 1.00  73 293 307 219 199 264 249   4  0    4 151 199 293 307 219 264 -48  48 2.0944 
 22   1  19   1   1   1  1  0 1.00  74 124 302 15 64 131 269   3  0    3   2  15 124 302  64 131 -13  13 4.6832 
 22   1  19   1   1   1  1  0 1.00  75 115 216 215 179 117 181   4  0    4 152 179 115 216 215 117 -27  27 2.0372 
 22   1  19   1   1   1  1  0 1.00  76  14 256 334 288 328 263   5  0    5 340 328  14 256 334 288  12  12 1.3749 
 22   1  19   1   1   1  2  0 2.25  77  27 150 311 190 90  82   2  1    1  17  27 150 311 190  90 -10  10 1.8205 
 22   1  19   1   1   1  2  0 2.25  78 254 271 334 78 45 221   4  2    2 276 271 254 334  78  45   5   5 1.1835 
 22   1  19   1   1   1  1  0 1.00  79 317 141 13 126 308  80   3  0    3   2  13 317 141 126 308 -11  11 1.3214 
 22   1  19   1   1   1  2  0 2.25  80  84 207 262 188 48 287   3  4    4 144 188  84 207 262  48 -44  44 1.0251 
 22   1  19   1   1   1  1  0 1.00  81 279 86 104 256 349  93   5  0    5 344 349 279  86 104 256  -5   5 1.2338 
 22   1  19   1   1   1  1  0 1.00  82 329 20 222 274 200  49   5  0    5 190 200 329  20 222 274 -10  10 1.6817 
 22   1  19   1   1   1  1  0 1.00  83  47 185 20 13 35 182   5  0    5  35  35  47 185  20  13   0   0 2.7429 
 22   1  19   1   1   1  2  0 2.25  84  73 176 267 338 304  93   4  3    3 277 267  73 176 338 304  10  10 1.7564 
 22   1  19   1   1   1  2  0 2.25  85  91 262 243 60 273 205   3  5    5 105 273  91 262 243  60 -168 168 2.3222 
 22   1  19   1   1   1  2  0 2.25  86   4 268 77 143 107 227   1  4    4 160 143   4 268  77 107  17  17 1.2567 
 22   1  19   1   1   1  2  0 2.25  87 229 127 128 331 151 353   5  2    2 128 127 229 128 331 151   1   1 1.5790 
 22   1  19   1   1   1  2  0 2.25  88 120 347 158 335 320 329   2  3    3 154 158 120 347 335 320  -4   4 2.0557 
 22   1  19   1   1   1  1  0 1.00  89 315 110 145 286 57  65   5  0    5  53  57 315 110 145 286  -4   4 1.5740 
 22   1  19   1   1   1  2  0 2.25  90 263 320 32 18 69 242   1  5    5  76  69 263 320  32  18   7   7 1.2193 
 22   1  19   1   1   1  2  0 2.25  91 230 46 290 227 161 268   4  1    1 239 230  46 290 227 161   9   9 1.1591 
 22   1  19   1   1   1  2  0 2.25  92  37 193 289 183 354 234   1  3    3 282 289  37 193 183 354  -7   7 1.7655 
 22   1  19   1   1   1  2  0 2.25  93 241 308 80 200 280  95   2  4    4 238 200 241 308  80 280  38  38 0.9627 
 22   1  19   1   1   1  2  0 2.25  94 179 147 108 128 88 263   4  5    5  93  88 179 147 108 128   5   5 1.7128 
 22   1  19   1   1   1  2  0 2.25  95 175 60 333 309 270 143   1  5    5 273 270 175  60 333 309   3   3 1.3120 
 22   1  19   1   1   1  1  0 1.00  96  26 100 227 107 330   9   3  0    3 239 227  26 100 107 330  12  12 1.9083 
 22   1  19   1   1   1  1  0 1.00  97  33 232 289 22 120 333   2  0    2 241 232  33 289  22 120   9   9 1.9127 
 22   1  19   1   1   1  1  0 1.00  98  69 30 184 222 165 295   3  0    3 229 184  69  30 222 165  45  45 2.5724 
 22   1  19   1   1   1  2  0 2.25  99 360 168 141 210 223 224   2  3    3 138 141 360 168 210 223  -3   3 1.6727 
 22   1  19   1   1   1  2  0 2.25 100 248 284 179 102 69 225   2  5    5  91  69 248 284 179 102  22  22 1.8020 
