 23   1  19   1   0   1  1  0 1.00   1 105 25 10 39 151 277   4  0    4  62  39 105  25  10 151  23  23 4.2022 
 23   1  19   1   0   1  1  0 1.00   2  85 339 17 126 310  16   4  0    4 184 126  85 339  17 310  58  58 1.9433 
 23   1  19   1   0   1  2  0 2.25   3  89 178 208 238 44 196   2  4    4 182 238  89 178 208  44 -56  56 2.8696 
 23   1  19   1   0   1  2  0 2.25   4 170 194  5 144 203 325   3  2    2  53 194 170   5 144 203 -141 141 4.1973 
 23   1  19   1   1   1  2  0 2.25   1 346 16 22 128 63  93   1  5    5  20  63 346  16  22 128 -43  43 2.8140 
 23   1  19   1   1   1  1  0 1.00   2  80 78 125  8 40 138   1  0    1  57  80  78 125   8  40 -23  23 2.1327 
 23   1  19   1   1   1  2  0 2.25   3 356 180 60 81 167 283   1  4    4 175  81 356 180  60 167  94  94 3.1627 
 23   1  19   1   1   1  1  0 1.00   4  73 262 174 311 214 356   1  0    1  46  73 262 174 311 214 -27  27 3.0037 
 23   1  19   1   1   1  1  0 1.00   5 284 97 133 114 66 230   3  0    3 240 133 284  97 114  66 107 107 3.1228 
 23   1  19   1   1   1  1  0 1.00   6 353 208 146 180 156 341   2  0    2 230 208 353 146 180 156  22  22 4.2211 
 23   1  19   1   1   1  2  0 2.25   7 242 309 300 167 84 304   1  4    4 245 167 242 309 300  84  78  78 4.7334 
 23   1  19   1   1   1  1  0 1.00   8 101 178 54 88 206 279   3  0    3  47  54 101 178  88 206  -7   7 2.9253 
 23   1  19   1   1   1  2  0 2.25   9 199 285 36 225 64  12   5  1    1 224 199 285  36 225  64  25  25 3.1311 
 23   1  19   1   1   1  1  0 1.00  10 129 187 51 125 217 291   1  0    1 125 129 187  51 125 217  -4   4 6.9406 
 23   1  19   1   1   1  2  0 2.25  11 170 265 128 260 107  20   3  5    5 259 107 170 265 128 260 152 152 1.8773 
 23   1  19   1   1   1  1  0 1.00  12  17 171 131 280 182 286   1  0    1 187  17 171 131 280 182 170 170 2.2350 
 23   1  19   1   1   1  2  0 2.25  13 129 229 56 295 170 153   2  3    3 142  56 129 229 295 170  86  86 2.3169 
 23   1  19   1   1   1  1  0 1.00  14 357 86 210 358 97  98   1  0    1 325 357  86 210 358  97 -32  32 2.0721 
 23   1  19   1   1   1  1  0 1.00  15  85 316 339 311 152 277   3  0    3 342 339  85 316 311 152   3   3 2.7657 
 23   1  19   1   1   1  1  0 1.00  16 262 107 211 357 117  35   2  0    2 103 107 262 211 357 117  -4   4 5.8224 
 23   1  19   1   1   1  1  0 1.00  17 292 203 201 112 236 339   3  0    3 205 201 292 203 112 236   4   4 1.8977 
 23   1  19   1   1   1  1  0 1.00  18  65 159 288 355 189 218   4  0    4 351 355  65 159 288 189  -4   4 2.2461 
 23   1  19   1   1   1  2  0 2.25  19 211 195 112 359 161 172   3  4    4 350 359 211 195 112 161  -9   9 2.3993 
 23   1  19   1   1   1  2  0 2.25  20 331 193  7 292 291 225   2  1    1 309 331 193   7 292 291 -22  22 2.2583 
 23   1  19   1   1   1  1  0 1.00  21 219 135 245 181 336 183   3  0    3 238 245 219 135 181 336  -7   7 2.1524 
 23   1  19   1   1   1  2  0 2.25  22  29 239 255 107 286  68   4  1    1  35  29 239 255 107 286   6   6 2.2056 
 23   1  19   1   1   1  1  0 1.00  23 127 133 16 286 242  99   4  0    4 232 286 127 133  16 242 -54  54 1.9657 
 23   1  19   1   1   1  1  0 1.00  24  61 283 102 282 299  63   5  0    5 280 299  61 283 102 282 -19  19 1.6793 
 23   1  19   1   1   1  1  0 1.00  25 228 247 128 174 91 292   3  0    3 208 128 228 247 174  91  80  80 2.3246 
 23   1  19   1   1   1  1  0 1.00  26 320 143 33 76 145 123   4  0    4 168  76 320 143  33 145  92  92 3.2079 
 23   1  19   1   1   1  2  0 2.25  27  13 200 258 238 260  81   5  4    4 200 238  13 200 258 260 -38  38 2.2420 
 23   1  19   1   1   1  2  0 2.25  28 131 219 64 154 350 194   2  5    5 346 350 131 219  64 154  -4   4 2.1799 
 23   1  19   1   1   1  1  0 1.00  29  45 331 111 323 53 354   5  0    5  43  53  45 331 111 323 -10  10 2.3486 
 23   1  19   1   1   1  2  0 2.25  30  10 34 185 147 355 269   4  3    3 176 185  10  34 147 355  -9   9 1.6417 
 23   1  19   1   1   1  2  0 2.25  31  97  9 272 29 151  57   5  4    4 115  29  97   9 272 151  86  86 1.6603 
 23   1  19   1   1   1  1  0 1.00  32  55 187 271 317 239 164   3  0    3 276 271  55 187 317 239   5   5 1.6350 
 23   1  19   1   1   1  1  0 1.00  33 127 93 236 105 249 170   1  0    1 165 127  93 236 105 249  38  38 2.8343 
 23   1  19   1   1   1  1  0 1.00  34 273 121 47 225 24  33   1  0    1 280 273 121  47 225  24   7   7 2.0643 
 23   1  19   1   1   1  2  0 2.25  35 239 221 277 266 71 249   2  1    1 274 239 221 277 266  71  35  35 2.4410 
 23   1  19   1   1   1  2  0 2.25  36 139 150 168 256 147 227   1  2    2 177 150 139 168 256 147  27  27 1.9787 
 23   1  19   1   1   1  1  0 1.00  37 257 91 347 287 41 205   5  0    5 345  41 257  91 347 287 -56  56 2.6603 
 23   1  19   1   1   1  1  0 1.00  38 279 17 227 121 331 207   2  0    2 199  17 279 227 121 331 -178 178 2.8419 
 23   1  19   1   1   1  1  0 1.00  39 132  5 313 220 180 183   1  0    1  87 132   5 313 220 180 -45  45 1.7679 
 23   1  19   1   1   1  2  0 2.25  40  80 351 129 88 197 175   2  3    3 190 129  80 351  88 197  61  61 2.8209 
 23   1  19   1   1   1  1  0 1.00  41  91 176 243 56 354 300   1  0    1 117  91 176 243  56 354  26  26 5.5716 
 23   1  19   1   1   1  2  0 2.25  42  55 222  3 92 142 102   3  2    2 235 222  55   3  92 142  13  13 1.8764 
 23   1  19   1   1   1  2  0 2.25  43  91 299 344 176 114   1   4  2    2 285 299  91 344 176 114 -14  14 1.4214 
 23   1  19   1   1   1  2  0 2.25  44 153 313 238 205 117 242   5  4    4 102 205 153 313 238 117 -103 103 1.6408 
 23   1  19   1   1   1  1  0 1.00  45 348 325 94 255 221 334   2  0    2 307 325 348  94 255 221 -18  18 2.2162 
 23   1  19   1   1   1  2  0 2.25  46  54 205 234 340 304  32   3  4    4 344 340  54 205 234 304   4   4 1.7948 
 23   1  19   1   1   1  2  0 2.25  47 265 91 65 37 125  56   4  2    2  40  91 265  65  37 125 -51  51 2.8871 
 23   1  19   1   1   1  1  0 1.00  48 163 226 165 187 90  70   4  0    4 160 187 163 226 165  90 -27  27 2.0911 
 23   1  19   1   1   1  1  0 1.00  49 208 59 319 173 14 331   1  0    1 186 208  59 319 173  14 -22  22 1.6079 
 23   1  19   1   1   1  2  0 2.25  50 216 229 207 284 108 346   1  2    2 199 229 216 207 284 108 -30  30 2.5559 
 23   1  19   1   1   1  1  0 1.00  51 222 22 254 329 28 158   5  0    5  35  28 222  22 254 329   7   7 2.7151 
 23   1  19   1   1   1  2  0 2.25  52  58 112 232 70 66 215   2  5    5  53  66  58 112 232  70 -13  13 1.6411 
 23   1  19   1   1   1  1  0 1.00  53 306 127 227 280 327 250   1  0    1 333 306 127 227 280 327  27  27 2.8164 
 23   1  19   1   1   1  2  0 2.25  54  77 298 285 157 11  94   2  5    5 351  11  77 298 285 157 -20  20 2.4023 
 23   1  19   1   1   1  1  0 1.00  55 212 213 304 110 214  17   5  0    5 216 214 212 213 304 110   2   2 1.8022 
 23   1  19   1   1   1  2  0 2.25  56 324 14 42 246 117 113   3  4    4 223 246 324  14  42 117 -23  23 1.8538 
 23   1  19   1   1   1  2  0 2.25  57 278 319 15 342 164 176   1  3    3  23  15 278 319 342 164   8   8 2.0155 
 23   1  19   1   1   1  1  0 1.00  58  30 111 64 110 124  66   3  0    3 105  64  30 111 110 124  41  41 1.8790 
 23   1  19   1   1   1  2  0 2.25  59 142 229 286 30 212 312   1  3    3 162 286 142 229  30 212 -124 124 1.8874 
 23   1  19   1   1   1  2  0 2.25  60 321 98 76 225 73 107   2  1    1 235 321  98  76 225  73 -86  86 1.6476 
 23   1  19   1   1   1  2  0 2.25  61  21 343 230 32 303 240   4  2    2  33 343  21 230  32 303  50  50 1.2895 
 23   1  19   1   1   1  1  0 1.00  62 161 63 256 348 121   8   1  0    1 171 161  63 256 348 121  10  10 2.3193 
 23   1  19   1   1   1  1  0 1.00  63 244 80 329 26 27  38   1  0    1 239 244  80 329  26  27  -5   5 3.8905 
 23   1  19   1   1   1  2  0 2.25  64  86 171 306 181 252  69   2  3    3 239 306  86 171 181 252 -67  67 1.5605 
 23   1  19   1   1   1  1  0 1.00  65 276 203 238 32 164  45   1  0    1 283 276 203 238  32 164   7   7 1.7793 
 23   1  19   1   1   1  1  0 1.00  66 156 26 90 214 163 276   4  0    4  52 214 156  26  90 163 -162 162 1.9805 
 23   1  19   1   1   1  2  0 2.25  67 246 269 341 60 187 169   3  5    5  55 187 246 269 341  60 -132 132 2.1527 
 23   1  19   1   1   1  2  0 2.25  68 272 131 178 315 124 174   2  5    5  54 124 272 131 178 315 -70  70 2.3740 
 23   1  19   1   1   1  2  0 2.25  69 123 191 17 167 338 251   5  1    1 104 123 191  17 167 338 -19  19 2.7863 
 23   1  19   1   1   1  1  0 1.00  70  36 301 355 118  6  25   4  0    4 108 118  36 301 355   6 -10  10 2.7545 
 23   1  19   1   1   1  2  0 2.25  71 242 16 58 317 123 144   5  3    3 358  58 242  16 317 123 -60  60 1.6870 
 23   1  19   1   1   1  2  0 2.25  72 345 16 355 24 228  16   1  3    3 346 355 345  16  24 228  -9   9 2.6235 
 23   1  19   1   1   1  1  0 1.00  73 182 140 111 203 39 250   3  0    3 112 111 182 140 203  39   1   1 2.8384 
 23   1  19   1   1   1  2  0 2.25  74 122 63 121 27 266 349   5  2    2 120  63 122 121  27 266  57  57 2.2317 
 23   1  19   1   1   1  1  0 1.00  75 158 103 203 194 192 197   1  0    1 176 158 103 203 194 192  18  18 2.4303 
 23   1  19   1   1   1  2  0 2.25  76  67 203 349 190 59 310   5  2    2 200 203  67 349 190  59  -3   3 1.9886 
 23   1  19   1   1   1  1  0 1.00  77 222 82 125 163 255 203   5  0    5 248 255 222  82 125 163  -7   7 2.1576 
 23   1  19   1   1   1  1  0 1.00  78 332 159 313 30 260 265   2  0    2 169 159 332 313  30 260  10  10 1.4797 
 23   1  19   1   1   1  1  0 1.00  79 134 42 175 301 30 107   3  0    3 175 175 134  42 301  30   0   0 1.7492 
 23   1  19   1   1   1  1  0 1.00  80 238 270 250 80 196 358   4  0    4  66  80 238 270 250 196 -14  14 1.9117 
 23   1  19   1   1   1  2  0 2.25  81 166 51 101 330 200 334   2  3    3  77 101 166  51 330 200 -24  24 4.0313 
 23   1  19   1   1   1  2  0 2.25  82  91 32 123 313 312 203   4  1    1 249  91  32 123 313 312 158 158 3.1519 
 23   1  19   1   1   1  1  0 1.00  83 191 195 216 70 135  66   4  0    4  65  70 191 195 216 135  -5   5 2.4648 
 23   1  19   1   1   1  2  0 2.25  84 339 220 297 359 311  49   5  2    2 227 220 339 297 359 311   7   7 2.2491 
 23   1  19   1   1   1  2  0 2.25  85 139 180 185 351 352 344   1  4    4 348 351 139 180 185 352  -3   3 3.9623 
 23   1  19   1   1   1  2  0 2.25  86 161 238 323 197 332 229   2  1    1 183 161 238 323 197 332  22  22 2.6216 
 23   1  19   1   1   1  1  0 1.00  87  23 154 95 246 36 250   2  0    2 168 154  23  95 246  36  14  14 1.9325 
 23   1  19   1   1   1  2  0 2.25  88 157 188 226 295 42  12   1  2    2 219 188 157 226 295  42  31  31 1.7547 
 23   1  19   1   1   1  2  0 2.25  89 331 166 239 294 218 182   3  1    1 332 331 166 239 294 218   1   1 1.6405 
 23   1  19   1   1   1  1  0 1.00  90 173 111 252 33 151 244   1  0    1 265 173 111 252  33 151  92  92 2.8879 
 23   1  19   1   1   1  2  0 2.25  91 347 270 210 222 130 217   5  4    4 119 222 347 270 210 130 -103 103 1.9750 
 23   1  19   1   1   1  2  0 2.25  92 179 237 62 50 220 335   3  4    4  46  50 179 237  62 220  -4   4 1.6758 
 23   1  19   1   1   1  1  0 1.00  93  23 214 215 163 246 302   4  0    4 197 163  23 214 215 246  34  34 2.5618 
 23   1  19   1   1   1  2  0 2.25  94 344 85 340 12 146 244   1  2    2  92  85 344 340  12 146   7   7 2.1347 
 23   1  19   1   1   1  2  0 2.25  95  65 348 310 12 217 192   2  5    5 166 217  65 348 310  12 -51  51 1.4927 
 23   1  19   1   1   1  1  0 1.00  96  65 16 107 222 355 155   1  0    1  88  65  16 107 222 355  23  23 1.8824 
 23   1  19   1   1   1  2  0 2.25  97 178 116 19 343 287 140   5  4    4 359 343 178 116  19 287  16  16 1.5465 
 23   1  19   1   1   1  2  0 2.25  98 300 305 99 279 350 211   4  1    1 350 300 305  99 279 350  50  50 2.4485 
 23   1  19   1   1   1  1  0 1.00  99 208 178 151 37 166 141   3  0    3 205 151 208 178  37 166  54  54 2.8302 
 23   1  19   1   1   1  1  0 1.00 100  72 117 79 312 314   2   2  0    2 116 117  72  79 312 314  -1   1 1.5882 
 23   1  19   1   0   0  0  2 2.25   1 191 126 89 262 83 237   0  0    3 233  89 191 126 262  83 144 144 3.6284 
 23   1  19   1   0   0  0  1 1.00   2 179 288 211 78 332 301   0  0    2 286 288 179 211  78 332  -2   2 2.6310 
 23   1  19   1   0   0  0  1 1.00   3  32 138 18  8 221 102   0  0    4 268   8  32 138  18 221 -100 100 2.4900 
 23   1  19   1   0   0  0  2 2.25   4  16 125 181 112 270 359   0  0    2 184 125  16 181 112 270  59  59 2.4238 
 23   1  19   1   1   0  0  1 1.00   1 121 96 232 35 136  81   0  0    1  46 121  96 232  35 136 -75  75 4.2097 
 23   1  19   1   1   0  0  1 1.00   2 124 208 326 339 34  24   0  0    4 310 339 124 208 326  34 -29  29 2.4442 
 23   1  19   1   1   0  0  1 1.00   3 275 226 41 176 346 123   0  0    4 213 176 275 226  41 346  37  37 1.8155 
 23   1  19   1   1   0  0  2 2.25   4 195 47 338 354 269  20   0  0    3 313 338 195  47 354 269 -25  25 2.1127 
 23   1  19   1   1   0  0  2 2.25   5  54 311 301 78 236 345   0  0    5 224 236  54 311 301  78 -12  12 3.1336 
 23   1  19   1   1   0  0  2 2.25   6 342  5 287 70 71 213   0  0    3 279 287 342   5  70  71  -8   8 1.8326 
 23   1  19   1   1   0  0  2 2.25   7 238 73 269 227 71  41   0  0    3 288 269 238  73 227  71  19  19 2.1531 
 23   1  19   1   1   0  0  2 2.25   8  48 286 247 165 31  46   0  0    2  45 286  48 247 165  31 119 119 2.1725 
 23   1  19   1   1   0  0  2 2.25   9 235 238 135 347 251 280   0  0    2 252 238 235 135 347 251  14  14 6.6872 
 23   1  19   1   1   0  0  2 2.25  10 205 240 69 272 85 223   0  0    4 267 272 205 240  69  85  -5   5 2.2803 
 23   1  19   1   1   0  0  2 2.25  11  62 192 235 126 26 116   0  0    3 113 235  62 192 126  26 -122 122 1.6063 
 23   1  19   1   1   0  0  1 1.00  12 203 198 65 238 162 149   0  0    1  96 203 198  65 238 162 -107 107 2.1558 
 23   1  19   1   1   0  0  2 2.25  13   8 302 274 307 223 174   0  0    5 223 223   8 302 274 307   0   0 1.9033 
 23   1  19   1   1   0  0  2 2.25  14 135 244 204 236 17 337   0  0    4  67 236 135 244 204  17 -169 169 2.7091 
 23   1  19   1   1   0  0  2 2.25  15  69 70 46 139 347 135   0  0    2  75  70  69  46 139 347   5   5 2.4019 
 23   1  19   1   1   0  0  1 1.00  16 345 18 243 115 262 346   0  0    5 233 262 345  18 243 115 -29  29 1.7665 
 23   1  19   1   1   0  0  1 1.00  17 121 249 154 109 118 336   0  0    2 111 249 121 154 109 118 -138 138 2.0213 
 23   1  19   1   1   0  0  1 1.00  18 163 215 48 80 340   4   0  0    5 200 340 163 215  48  80 -140 140 1.8496 
 23   1  19   1   1   0  0  1 1.00  19 169 37 264 76 259  11   0  0    3 268 264 169  37  76 259   4   4 1.9488 
 23   1  19   1   1   0  0  2 2.25  20 350 210 254 134 250 132   0  0    5 171 250 350 210 254 134 -79  79 2.7045 
 23   1  19   1   1   0  0  1 1.00  21   8 59 281 50 249 219   0  0    5 163 249   8  59 281  50 -86  86 2.1528 
 23   1  19   1   1   0  0  1 1.00  22  29 289 272 214 338 256   0  0    3 276 272  29 289 214 338   4   4 1.7598 
 23   1  19   1   1   0  0  1 1.00  23 282 279 316 146 90 338   0  0    1 277 282 279 316 146  90  -5   5 2.9430 
 23   1  19   1   1   0  0  2 2.25  24 117 193 54 178 60  23   0  0    5  35  60 117 193  54 178 -25  25 2.5304 
 23   1  19   1   1   0  0  2 2.25  25 122 226 327 100 149  85   0  0    3 320 327 122 226 100 149  -7   7 1.7660 
 23   1  19   1   1   0  0  2 2.25  26 139 236 124 275 239 234   0  0    4  39 275 139 236 124 239 124 124 2.1540 
 23   1  19   1   1   0  0  2 2.25  27 170 281 310 84 347  51   0  0    2  37 281 170 310  84 347 116 116 2.0454 
 23   1  19   1   1   0  0  1 1.00  28  72 167 344 215 249 223   0  0    4 210 215  72 167 344 249  -5   5 2.6412 
 23   1  19   1   1   0  0  1 1.00  29  31 304 305 67 339 359   0  0    1  40  31 304 305  67 339   9   9 1.7642 
 23   1  19   1   1   0  0  2 2.25  30 200 40 101 284 218 233   0  0    5  78 218 200  40 101 284 -140 140 1.9034 
 23   1  19   1   1   0  0  2 2.25  31 174 231 91 154 265 353   0  0    5 192 265 174 231  91 154 -73  73 3.1331 
 23   1  19   1   1   0  0  1 1.00  32 106 169 343 172 306 257   0  0    4  44 172 106 169 343 306 -128 128 2.5556 
 23   1  19   1   1   0  0  2 2.25  33 108 92 130 252 235  11   0  0    1  90 108  92 130 252 235 -18  18 3.6946 
 23   1  19   1   1   0  0  2 2.25  34  46 77 202 21 296 323   0  0    5 348 296  46  77 202  21  52  52 2.9551 
 23   1  19   1   1   0  0  1 1.00  35 187 295 123 163 223 302   0  0    5 216 223 187 295 123 163  -7   7 2.2010 
 23   1  19   1   1   0  0  1 1.00  36 240 80 293 148 283  45   0  0    4 316 148 240  80 293 283 168 168 3.3498 
 23   1  19   1   1   0  0  1 1.00  37  51 137 14 258 37  30   0  0    5 212  37  51 137  14 258 175 175 2.0434 
 23   1  19   1   1   0  0  1 1.00  38 113 58 111  4 326  71   0  0    2  59  58 113 111   4 326   1   1 1.8951 
 23   1  19   1   1   0  0  1 1.00  39 119 284 15 255 331 342   0  0    4 153 255 119 284  15 331 -102 102 2.8409 
 23   1  19   1   1   0  0  1 1.00  40  19 198 196 266 320 320   0  0    3 179 196  19 198 266 320 -17  17 2.3797 
 23   1  19   1   1   0  0  2 2.25  41  51 193 265 268 16 347   0  0    3 262 265  51 193 268  16  -3   3 2.5816 
 23   1  19   1   1   0  0  1 1.00  42 127 351 87 49 213 103   0  0    1 131 127 351  87  49 213   4   4 2.3787 
 23   1  19   1   1   0  0  2 2.25  43 101 16 42 82 150  34   0  0    3  47  42 101  16  82 150   5   5 2.3093 
 23   1  19   1   1   0  0  1 1.00  44  48 13 72 108 275  80   0  0    4 145 108  48  13  72 275  37  37 2.4460 
 23   1  19   1   1   0  0  1 1.00  45  94 313 271 270 114 352   0  0    3 268 271  94 313 270 114  -3   3 1.9132 
 23   1  19   1   1   0  0  1 1.00  46  18 116 299 69 11 199   0  0    4  52  69  18 116 299  11 -17  17 3.3697 
 23   1  19   1   1   0  0  2 2.25  47 142 72 208 17 310 277   0  0    3 227 208 142  72  17 310  19  19 2.0751 
 23   1  19   1   1   0  0  1 1.00  48 109 55 83 256 216 134   0  0    2  66  55 109  83 256 216  11  11 2.7974 
 23   1  19   1   1   0  0  2 2.25  49 289 70 230 188 102  58   0  0    5  33 102 289  70 230 188 -69  69 2.6142 
 23   1  19   1   1   0  0  1 1.00  50 115 171 118 316 67 283   0  0    5  46  67 115 171 118 316 -21  21 1.8579 
 23   1  19   1   1   0  0  1 1.00  51 246 59 112 312 265 173   0  0    3 192 112 246  59 312 265  80  80 1.3443 
 23   1  19   1   1   0  0  1 1.00  52 175 337 224 109 326 204   0  0    1 111 175 337 224 109 326 -64  64 2.0968 
 23   1  19   1   1   0  0  1 1.00  53 172 156 68 197 143 111   0  0    4 197 197 172 156  68 143   0   0 2.0418 
 23   1  19   1   1   0  0  1 1.00  54 121 83 110 98 169  67   0  0    5 248 169 121  83 110  98  79  79 2.2375 
 23   1  19   1   1   0  0  2 2.25  55 150 282 29 226 267  69   0  0    3 106  29 150 282 226 267  77  77 1.8615 
 23   1  19   1   1   0  0  2 2.25  56  76 331 61 81 225 207   0  0    4  45  81  76 331  61 225 -36  36 1.9173 
 23   1  19   1   1   0  0  2 2.25  57 125 335 231 302 99 178   0  0    3 219 231 125 335 302  99 -12  12 2.1224 
 23   1  19   1   1   0  0  2 2.25  58  36 137 230 100 48  81   0  0    3 228 230  36 137 100  48  -2   2 2.1113 
 23   1  19   1   1   0  0  2 2.25  59 259 328 268 28 117 158   0  0    5 163 117 259 328 268  28  46  46 1.8448 
 23   1  19   1   1   0  0  1 1.00  60 338 19 189 56 171 170   0  0    1  54 338  19 189  56 171  76  76 1.8407 
 23   1  19   1   1   0  0  2 2.25  61  34 294 327 263 18 193   0  0    5  65  18  34 294 327 263  47  47 2.0412 
 23   1  19   1   1   0  0  1 1.00  62 240 43 215 24 239 116   0  0    4  34  24 240  43 215 239  10  10 2.6449 
 23   1  19   1   1   0  0  1 1.00  63 184 97 317 231 212 147   0  0    5 227 212 184  97 317 231  15  15 2.2399 
 23   1  19   1   1   0  0  2 2.25  64 291 33 256 26 127 103   0  0    3  97 256 291  33  26 127 -159 159 3.1120 
 23   1  19   1   1   0  0  2 2.25  65 221 202 293 302 30 246   0  0    5 198  30 221 202 293 302 168 168 2.0604 
 23   1  19   1   1   0  0  1 1.00  66  49 355 136 236 237 154   0  0    2 219 355  49 136 236 237 -136 136 1.7674 
 23   1  19   1   1   0  0  2 2.25  67 215 89 222 15 137 167   0  0    4 172  15 215  89 222 137 157 157 1.6507 
 23   1  19   1   1   0  0  2 2.25  68 234 60 11 52 165 172   0  0    4  37  52 234  60  11 165 -15  15 1.9867 
 23   1  19   1   1   0  0  1 1.00  69  31 115 83  5 123 172   0  0    1 130  31 115  83   5 123  99  99 1.8005 
 23   1  19   1   1   0  0  2 2.25  70 306 134 280 321 66 227   0  0    3 270 280 306 134 321  66 -10  10 3.1544 
 23   1  19   1   1   0  0  1 1.00  71 357 50 22 295 260 272   0  0    4  44 295 357  50  22 260 109 109 1.7040 
 23   1  19   1   1   0  0  2 2.25  72 264 216 24 28 339  27   0  0    3 297  24 264 216  28 339 -87  87 2.7420 
 23   1  19   1   1   0  0  1 1.00  73 301 131 116 157 352 115   0  0    3 288 116 301 131 157 352 172 172 1.7010 
 23   1  19   1   1   0  0  1 1.00  74 239 281 196 24 302 197   0  0    3 198 196 239 281  24 302   2   2 2.0224 
 23   1  19   1   1   0  0  1 1.00  75 192 193 261 242 136 191   0  0    4 240 242 192 193 261 136  -2   2 2.1227 
 23   1  19   1   1   0  0  2 2.25  76 283 70 194 44 162 348   0  0    2 307  70 283 194  44 162 -123 123 1.7898 
 23   1  19   1   1   0  0  1 1.00  77 206 64 349 176 340 194   0  0    1 194 206  64 349 176 340 -12  12 3.6597 
 23   1  19   1   1   0  0  2 2.25  78 164 178 110 13 346 247   0  0    4 349  13 164 178 110 346 -24  24 2.0576 
 23   1  19   1   1   0  0  2 2.25  79  98 249 293 161 355 170   0  0    5 115 355  98 249 293 161 120 120 2.8730 
 23   1  19   1   1   0  0  1 1.00  80 261 162 299 195 244 251   0  0    5  78 244 261 162 299 195 -166 166 2.3386 
 23   1  19   1   1   0  0  1 1.00  81 191 352 334 56 347 110   0  0    5   6 347 191 352 334  56  19  19 1.8819 
 23   1  19   1   1   0  0  2 2.25  82 322 216 182 279 147 193   0  0    1   1 322 216 182 279 147  39  39 2.5364 
 23   1  19   1   1   0  0  1 1.00  83 323 43 214 354 139 124   0  0    4 325 354 323  43 214 139 -29  29 2.0875 
 23   1  19   1   1   0  0  2 2.25  84 138 125 266 263 135 228   0  0    4 257 263 138 125 266 135  -6   6 1.9337 
 23   1  19   1   1   0  0  2 2.25  85 109 255 189 86 46 132   0  0    2 126 255 109 189  86  46 -129 129 1.6261 
 23   1  19   1   1   0  0  2 2.25  86  14 75 122 287 30  41   0  0    5   6  30  14  75 122 287 -24  24 2.6675 
 23   1  19   1   1   0  0  1 1.00  87  86 319 85 105 196 165   0  0    3 173  85  86 319 105 196  88  88 2.2691 
 23   1  19   1   1   0  0  2 2.25  88 176 104 97 72 346  59   0  0    3  74  97 176 104  72 346 -23  23 1.7478 
 23   1  19   1   1   0  0  1 1.00  89 356 338 212 352 202  29   0  0    1 334 356 338 212 352 202 -22  22 1.9232 
 23   1  19   1   1   0  0  1 1.00  90 360 358 246 342 253 348   0  0    2 340 358 360 246 342 253 -18  18 2.5077 
 23   1  19   1   1   0  0  1 1.00  91 340 61 192 290 315 105   0  0    4 343 290 340  61 192 315  53  53 1.5402 
 23   1  19   1   1   0  0  2 2.25  92 115 290 171 321 240 260   0  0    4 351 321 115 290 171 240  30  30 2.2410 
 23   1  19   1   1   0  0  2 2.25  93 125 29 250 71 139 128   0  0    3 182 250 125  29  71 139 -68  68 3.1930 
 23   1  19   1   1   0  0  2 2.25  94  96 41 299 282 201 161   0  0    3 281 299  96  41 282 201 -18  18 3.8420 
 23   1  19   1   1   0  0  1 1.00  95  65 208 63 248 347 218   0  0    4 351 248  65 208  63 347 103 103 2.0037 
 23   1  19   1   1   0  0  2 2.25  96 242 216 94 38 57 243   0  0    5  40  57 242 216  94  38 -17  17 1.5893 
 23   1  19   1   1   0  0  1 1.00  97 132 291 82 296 286 145   0  0    5 332 286 132 291  82 296  46  46 2.0276 
 23   1  19   1   1   0  0  2 2.25  98 193 25  2 143  9  86   0  0    1  36 193  25   2 143   9 -157 157 2.4365 
 23   1  19   1   1   0  0  2 2.25  99 157 163 120 358 354 247   0  0    1 176 157 163 120 358 354  19  19 2.1483 
 23   1  19   1   1   0  0  1 1.00 100 173 355 82  4 221 263   0  0    5 168 221 173 355  82   4 -53  53 2.1072 
