 26   1  19   2   0   0  0  2 2.25   1 123 118 327 79 235   4   0  0    5  51 235 123 118 327  79 176 176 4.6320 
 26   1  19   2   0   0  0  1 1.00   2  68 104 244 62 299  12   0  0    5 257 299  68 104 244  62 -42  42 2.8481 
 26   1  19   2   0   0  0  2 2.25   3   6 358 194 201 163 175   0  0    1 358   6 358 194 201 163  -8   8 3.3268 
 26   1  19   2   0   0  0  1 1.00   4  46 285 56 65 48 126   0  0    3  47  56  46 285  65  48  -9   9 2.5818 
 26   1  19   2   1   0  0  2 2.25   1  90 178 238 135 126  99   0  0    1  59  90 178 238 135 126 -31  31 2.4893 
 26   1  19   2   1   0  0  2 2.25   2 109 243 305 285 156 316   0  0    3 298 305 109 243 285 156  -7   7 2.7111 
 26   1  19   2   1   0  0  1 1.00   3  61 36 46 234 177 259   0  0    3  36  46  61  36 234 177 -10  10 3.9513 
 26   1  19   2   1   0  0  1 1.00   4 217 181  8 290 328 318   0  0    2 168 181 217   8 290 328 -13  13 2.7721 
 26   1  19   2   1   0  0  1 1.00   5 170 356 116 213 113 121   0  0    5  91 113 170 356 116 213 -22  22 3.9137 
 26   1  19   2   1   0  0  1 1.00   6 287 297 235 124 117  87   0  0    1 323 287 297 235 124 117  36  36 2.2486 
 26   1  19   2   1   0  0  1 1.00   7  47 24 216 285 326  52   0  0    3 236 216  47  24 285 326  20  20 2.3314 
 26   1  19   2   1   0  0  1 1.00   8 283 285 38 222 207 121   0  0    2 321 285 283  38 222 207  36  36 2.7868 
 26   1  19   2   1   0  0  1 1.00   9 180 214 127 11 314 236   0  0    2 181 214 180 127  11 314 -33  33 2.0797 
 26   1  19   2   1   0  0  1 1.00  10  44 104 199 183 349   2   0  0    3 145 199  44 104 183 349 -54  54 3.7453 
 26   1  19   2   1   0  0  1 1.00  11 158 168 258 344 152  76   0  0    2 168 168 158 258 344 152   0   0 3.7031 
 26   1  19   2   1   0  0  2 2.25  12  53 73 323 122 97 196   0  0    5  52  97  53  73 323 122 -45  45 2.4428 
 26   1  19   2   1   0  0  2 2.25  13 153 140 112 350 57 341   0  0    5   6  57 153 140 112 350 -51  51 2.8747 
 26   1  19   2   1   0  0  2 2.25  14  61 257 27 359 316 258   0  0    1  87  61 257  27 359 316  26  26 2.4567 
 26   1  19   2   1   0  0  1 1.00  15 316 47 189 305 236 161   0  0    5 310 236 316  47 189 305  74  74 2.5952 
 26   1  19   2   1   0  0  1 1.00  16  44 57 160 199 203  65   0  0    3 168 160  44  57 199 203   8   8 3.0163 
 26   1  19   2   1   0  0  1 1.00  17 271 37 310 300 327 318   0  0    4 313 300 271  37 310 327  13  13 2.5716 
 26   1  19   2   1   0  0  1 1.00  18 227 281 89 134 31 133   0  0    5  38  31 227 281  89 134   7   7 1.8815 
 26   1  19   2   1   0  0  2 2.25  19 230 137 12 193 228 228   0  0    3   8  12 230 137 193 228  -4   4 2.2878 
 26   1  19   2   1   0  0  2 2.25  20 189 104 143 342 150 234   0  0    4  84 342 189 104 143 150 102 102 3.2779 
 26   1  19   2   1   0  0  1 1.00  21   1 113 103 94 333  69   0  0    2  94 113   1 103  94 333 -19  19 3.9829 
 26   1  19   2   1   0  0  1 1.00  22  78 29 358 219 153 230   0  0    2  71  29  78 358 219 153  42  42 4.0103 
 26   1  19   2   1   0  0  2 2.25  23 185 38  5 253 125 337   0  0    1 154 185  38   5 253 125 -31  31 2.3857 
 26   1  19   2   1   0  0  2 2.25  24  28 99 145  8 262 217   0  0    4 325   8  28  99 145 262 -43  43 5.2596 
 26   1  19   2   1   0  0  2 2.25  25  57 119 291 120 333 251   0  0    3 335 291  57 119 120 333  44  44 3.1596 
 26   1  19   2   1   0  0  1 1.00  26 278 23 201 319 286 292   0  0    5 295 286 278  23 201 319   9   9 2.1315 
 26   1  19   2   1   0  0  1 1.00  27 359 65 103 302 327 164   0  0    3  92 103 359  65 302 327 -11  11 1.9311 
 26   1  19   2   1   0  0  2 2.25  28  64 178 150 50 153 246   0  0    5 157 153  64 178 150  50   4   4 2.1195 
 26   1  19   2   1   0  0  1 1.00  29 184 189 290 61 130 101   0  0    1 169 184 189 290  61 130 -15  15 2.6957 
 26   1  19   2   1   0  0  1 1.00  30  20 58 76 149 298 286   0  0    2  75  58  20  76 149 298  17  17 1.8086 
 26   1  19   2   1   0  0  1 1.00  31 126 258 48 131 260 120   0  0    1 176 126 258  48 131 260  50  50 1.9660 
 26   1  19   2   1   0  0  1 1.00  32 148 236 32 194 136  67   0  0    2 234 236 148  32 194 136  -2   2 1.7884 
 26   1  19   2   1   0  0  2 2.25  33 223 301  2 290 291 284   0  0    1 163 223 301   2 290 291 -60  60 1.8950 
 26   1  19   2   1   0  0  2 2.25  34 270 209 169 127 220 315   0  0    4 111 127 270 209 169 220 -16  16 2.9974 
 26   1  19   2   1   0  0  2 2.25  35 238 44 14 11 271   5   0  0    1 279 238  44  14  11 271  41  41 6.2218 
 26   1  19   2   1   0  0  2 2.25  36 257 329 305 96 51 325   0  0    1 222 257 329 305  96  51 -35  35 3.2502 
 26   1  19   2   1   0  0  2 2.25  37  39 229 286 220 122  12   0  0    5  76 122  39 229 286 220 -46  46 9.6562 
 26   1  19   2   1   0  0  2 2.25  38  11 335  9 99 307 223   0  0    4  15  99  11 335   9 307 -84  84 3.2394 
 26   1  19   2   1   0  0  1 1.00  39  67 65 72 279 52 107   0  0    1  51  67  65  72 279  52 -16  16 3.3457 
 26   1  19   2   1   0  0  2 2.25  40 210 336 36 254 318 115   0  0    1 251 210 336  36 254 318  41  41 2.6766 
 26   1  19   2   1   0  0  2 2.25  41 133 309 327 19 286 151   0  0    3 294 327 133 309  19 286 -33  33 1.5308 
 26   1  19   2   1   0  0  1 1.00  42  91 12 68 104 19  91   0  0    1  71  91  12  68 104  19 -20  20 3.1391 
 26   1  19   2   1   0  0  1 1.00  43  75 296 353 69  1  57   0  0    1  52  75 296 353  69   1 -23  23 2.6735 
 26   1  19   2   1   0  0  1 1.00  44 216 184 271 75 130 115   0  0    4 335  75 216 184 271 130 -100 100 3.9872 
 26   1  19   2   1   0  0  1 1.00  45 165 77 266 194 42 130   0  0    4 158 194 165  77 266  42 -36  36 2.9986 
 26   1  19   2   1   0  0  2 2.25  46 347 113 74 300 261  47   0  0    4 312 300 347 113  74 261  12  12 9.8550 
 26   1  19   2   1   0  0  2 2.25  47  58 188 328 180 127  91   0  0    4 156 180  58 188 328 127 -24  24 2.9819 
 26   1  19   2   1   0  0  2 2.25  48  30 127 278 277 274 168   0  0    5 168 274  30 127 278 277 -106 106 2.3752 
 26   1  19   2   1   0  0  2 2.25  49 298 326 288 186 315  84   0  0    1 296 298 326 288 186 315  -2   2 1.5618 
 26   1  19   2   1   0  0  2 2.25  50  16 22 88 214 173 276   0  0    1 310  16  22  88 214 173 -66  66 2.9019 
 26   1  19   2   1   0  0  2 2.25  51   2 354 205 297 308  51   0  0    2 313 354   2 205 297 308 -41  41 3.3434 
 26   1  19   2   1   0  0  1 1.00  52 187 104 190 189 245 310   0  0    3 175 190 187 104 189 245 -15  15 2.0297 
 26   1  19   2   1   0  0  1 1.00  53 256 246 233 210 53  95   0  0    5  94  53 256 246 233 210  41  41 2.0894 
 26   1  19   2   1   0  0  1 1.00  54 203 123 188 102 78 130   0  0    2 137 123 203 188 102  78  14  14 1.9390 
 26   1  19   2   1   0  0  2 2.25  55  97 140 221 54 86 230   0  0    4 225  54  97 140 221  86 171 171 3.2314 
 26   1  19   2   1   0  0  1 1.00  56  29 90 238 316 203 340   0  0    2  94  90  29 238 316 203   4   4 5.9777 
 26   1  19   2   1   0  0  2 2.25  57 221 272 31 357 81 168   0  0    5  37  81 221 272  31 357 -44  44 1.8403 
 26   1  19   2   1   0  0  2 2.25  58 179 159 67 353 79  86   0  0    2 168 159 179  67 353  79   9   9 2.9047 
 26   1  19   2   1   0  0  2 2.25  59 299 247 255 156 73  90   0  0    2 237 247 299 255 156  73 -10  10 5.0773 
 26   1  19   2   1   0  0  1 1.00  60 345 83 158 193 36  82   0  0    5  74  36 345  83 158 193  38  38 3.5803 
 26   1  19   2   1   0  0  1 1.00  61 157 95 279 159 261 281   0  0    5 317 261 157  95 279 159  56  56 2.1610 
 26   1  19   2   1   0  0  2 2.25  62 190 267 263 360 312  68   0  0    5 279 312 190 267 263 360 -33  33 2.5884 
 26   1  19   2   1   0  0  1 1.00  63  50 250 279 203 29 282   0  0    3 286 279  50 250 203  29   7   7 3.1775 
 26   1  19   2   1   0  0  1 1.00  64  78 75 169 128 56 320   0  0    3 159 169  78  75 128  56 -10  10 2.7906 
 26   1  19   2   1   0  0  2 2.25  65 270 198 34 64 178 269   0  0    4  57  64 270 198  34 178  -7   7 2.9121 
 26   1  19   2   1   0  0  1 1.00  66 296 39 243 320 169  65   0  0    4 291 320 296  39 243 169 -29  29 2.7681 
 26   1  19   2   1   0  0  1 1.00  67 204 144 129 67 302 209   0  0    3 186 129 204 144  67 302  57  57 1.6377 
 26   1  19   2   1   0  0  2 2.25  68 187 302 278 243 260  94   0  0    2 192 302 187 278 243 260 -110 110 9.9102 
 26   1  19   2   1   0  0  1 1.00  69 117 183 315 291 284 297   0  0    3 316 315 117 183 291 284   1   1 5.9184 
 26   1  19   2   1   0  0  1 1.00  70 132 206 279 307 146  64   0  0    4 293 307 132 206 279 146 -14  14 5.4424 
 26   1  19   2   1   0  0  1 1.00  71 311 279 355 168 217 238   0  0    4 172 168 311 279 355 217   4   4 2.4503 
 26   1  19   2   1   0  0  2 2.25  72 326 233 174 223  7  75   0  0    5 338   7 326 233 174 223 -29  29 3.3054 
 26   1  19   2   1   0  0  2 2.25  73 260 197 222 96 69  99   0  0    2 171 197 260 222  96  69 -26  26 2.3257 
 26   1  19   2   1   0  0  2 2.25  74 157 60 103 51 325 172   0  0    3  65 103 157  60  51 325 -38  38 3.1143 
 26   1  19   2   1   0  0  1 1.00  75 121 41 351 37 224 150   0  0    4  35  37 121  41 351 224  -2   2 2.0734 
 26   1  19   2   1   0  0  2 2.25  76 156 297 114 28 279 355   0  0    4  43  28 156 297 114 279  15  15 2.2189 
 26   1  19   2   1   0  0  2 2.25  77 345 329 67 174 239 212   0  0    2 324 329 345  67 174 239  -5   5 1.8436 
 26   1  19   2   1   0  0  2 2.25  78 346 143 186  9 123 266   0  0    1 318 346 143 186   9 123 -28  28 2.2281 
 26   1  19   2   1   0  0  2 2.25  79  74 235 68 79 124 149   0  0    5 188 124  74 235  68  79  64  64 3.8289 
 26   1  19   2   1   0  0  1 1.00  80 317 163 25 118 42 316   0  0    2 167 163 317  25 118  42   4   4 1.7192 
 26   1  19   2   1   0  0  1 1.00  81 243 144 351 23 255 321   0  0    4  58  23 243 144 351 255  35  35 2.9519 
 26   1  19   2   1   0  0  2 2.25  82  81 202 195 318 313 190   0  0    1  78  81 202 195 318 313  -3   3 1.9866 
 26   1  19   2   1   0  0  1 1.00  83 156 180 148 190 170 282   0  0    3 149 148 156 180 190 170   1   1 1.7923 
 26   1  19   2   1   0  0  1 1.00  84 214 131 67 341 351 108   0  0    2  27 131 214  67 341 351 -104 104 5.5502 
 26   1  19   2   1   0  0  2 2.25  85 146  2 321 11 343  58   0  0    5 349 343 146   2 321  11   6   6 2.9020 
 26   1  19   2   1   0  0  2 2.25  86 238 89 122 286 121 201   0  0    1 242 238  89 122 286 121   4   4 1.8586 
 26   1  19   2   1   0  0  2 2.25  87 325 261 14 252 134 191   0  0    2 316 261 325  14 252 134  55  55 1.9624 
 26   1  19   2   1   0  0  1 1.00  88 210 58 95 70 264  97   0  0    3  61  95 210  58  70 264 -34  34 2.3295 
 26   1  19   2   1   0  0  2 2.25  89 291 173 77 355 329  21   0  0    2 184 173 291  77 355 329  11  11 1.7422 
 26   1  19   2   1   0  0  2 2.25  90 220 191 31 55 348  29   0  0    1 236 220 191  31  55 348  16  16 1.9228 
 26   1  19   2   1   0  0  1 1.00  91 269 81 64 317 170 105   0  0    1 263 269  81  64 317 170  -6   6 1.9712 
 26   1  19   2   1   0  0  1 1.00  92  33 66  9  1 159 193   0  0    3 355   9  33  66   1 159 -14  14 3.6417 
 26   1  19   2   1   0  0  1 1.00  93 337 308 68 38 236 345   0  0    1 245 337 308  68  38 236 -92  92 2.4596 
 26   1  19   2   1   0  0  1 1.00  94 316 166 96 246 248  96   0  0    4 239 246 316 166  96 248  -7   7 1.7903 
 26   1  19   2   1   0  0  2 2.25  95 157 82 287 179 232  80   0  0    4 177 179 157  82 287 232  -2   2 3.1927 
 26   1  19   2   1   0  0  1 1.00  96 349 335 334 276 211 335   0  0    2 299 335 349 334 276 211 -36  36 1.8211 
 26   1  19   2   1   0  0  2 2.25  97  70 319 218 97 38 319   0  0    1  79  70 319 218  97  38   9   9 2.4543 
 26   1  19   2   1   0  0  2 2.25  98 197 102 115 141 44 183   0  0    1 142 197 102 115 141  44 -55  55 3.3815 
 26   1  19   2   1   0  0  2 2.25  99 344 350 238 122 159 340   0  0    2 341 350 344 238 122 159  -9   9 2.3023 
 26   1  19   2   1   0  0  2 2.25 100 225 63 121 154 47  83   0  0    1 231 225  63 121 154  47   6   6 3.5476 
 26   1  19   2   0   1  2  0 2.25   1 202 118 130 40 192  19   1  2    2  27 118 202 130  40 192 -91  91 9.0233 
 26   1  19   2   0   1  1  0 1.00   2 179 28 250 46 216 160   4  0    4  50  46 179  28 250 216   4   4 2.3592 
 26   1  19   2   0   1  1  0 1.00   3 258 241 134 113 265 272   1  0    1 277 258 241 134 113 265  19  19 2.6890 
 26   1  19   2   0   1  2  0 2.25   4 192 135 300 134 204  63   2  3    3 296 300 192 135 134 204  -4   4 1.8564 
 26   1  19   2   1   1  2  0 2.25   1 180 51 246 45 311 153   2  5    5 311 311 180  51 246  45   0   0 1.4564 
 26   1  19   2   1   1  2  0 2.25   2 193 168 13 142 25  14   5  1    1 182 193 168  13 142  25 -11  11 1.1865 
 26   1  19   2   1   1  2  0 2.25   3  99 210 294 47 121 123   3  5    5  70 121  99 210 294  47 -51  51 1.3996 
 26   1  19   2   1   1  2  0 2.25   4  73 211 311 125 213 240   1  2    2 316 211  73 311 125 213 105 105 2.5638 
 26   1  19   2   1   1  1  0 1.00   5 108 346 132 206 315 272   3  0    3 319 132 108 346 206 315 -173 173 1.8368 
 26   1  19   2   1   1  2  0 2.25   6 355 43 288 18 16 243   2  3    3 312 288 355  43  18  16  24  24 2.0311 
 26   1  19   2   1   1  2  0 2.25   7 139 205  7 55 234  32   5  1    1 173 139 205   7  55 234  34  34 2.8412 
 26   1  19   2   1   1  1  0 1.00   8 286 122 279 284 115  21   2  0    2  99 122 286 279 284 115 -23  23 1.6872 
 26   1  19   2   1   1  1  0 1.00   9 330 110 313 16 141 105   3  0    3 305 313 330 110  16 141  -8   8 1.6766 
 26   1  19   2   1   1  2  0 2.25  10 357 194 352 144 106 213   5  4    4 181 144 357 194 352 106  37  37 1.8618 
 26   1  19   2   1   1  1  0 1.00  11 206 232 265 47 37 301   2  0    2 243 232 206 265  47  37  11  11 1.8602 
 26   1  19   2   1   1  1  0 1.00  12  34 24 32 360 244 236   4  0    4 321 360  34  24  32 244 -39  39 2.3467 
 26   1  19   2   1   1  2  0 2.25  13  70 259 179 351 19 165   1  2    2 237 259  70 179 351  19 -22  22 3.4157 
 26   1  19   2   1   1  1  0 1.00  14 155 232 354 358  9 180   2  0    2 234 232 155 354 358   9   2   2 2.0937 
 26   1  19   2   1   1  2  0 2.25  15 139 97 121 165 270 266   2  3    3 154 121 139  97 165 270  33  33 1.4458 
 26   1  19   2   1   1  2  0 2.25  16 161 301 129 134 19 142   3  5    5   2  19 161 301 129 134 -17  17 1.5200 
 26   1  19   2   1   1  2  0 2.25  17 236 43 36 50 219 351   5  4    4  64  50 236  43  36 219  14  14 1.5753 
 26   1  19   2   1   1  2  0 2.25  18 139 307 107 336 15 211   1  5    5  14  15 139 307 107 336  -1   1 3.3406 
 26   1  19   2   1   1  2  0 2.25  19 335 267 195 188 41  26   1  3    3 186 195 335 267 188  41  -9   9 1.4013 
 26   1  19   2   1   1  1  0 1.00  20 223 143 205 110 233 185   4  0    4  89 110 223 143 205 233 -21  21 1.9862 
 26   1  19   2   1   1  2  0 2.25  21  11 343 209 235 238 281   3  1    1  17  11 343 209 235 238   6   6 4.8384 
 26   1  19   2   1   1  1  0 1.00  22  31 349 108 182 163 135   1  0    1  43  31 349 108 182 163  12  12 1.4822 
 26   1  19   2   1   1  2  0 2.25  23 334 38 15 267 115  26   2  5    5 193 115 334  38  15 267  78  78 1.7230 
 26   1  19   2   1   1  2  0 2.25  24   1 171 118 55 126 222   1  3    3 177 118   1 171  55 126  59  59 1.0902 
 26   1  19   2   1   1  1  0 1.00  25 163 248 251 197 261 335   1  0    1 198 163 248 251 197 261  35  35 1.7521 
 26   1  19   2   1   1  1  0 1.00  26 215 74 212 349 232 261   5  0    5 225 232 215  74 212 349  -7   7 1.7870 
 26   1  19   2   1   1  2  0 2.25  27 355 325 34 174 74  95   5  4    4 160 174 355 325  34  74 -14  14 2.4233 
 26   1  19   2   1   1  1  0 1.00  28 123 65 273 212 253 310   3  0    3 224 273 123  65 212 253 -49  49 2.7024 
 26   1  19   2   1   1  2  0 2.25  29 129 218 194 256 214 296   2  3    3 164 194 129 218 256 214 -30  30 1.1892 
 26   1  19   2   1   1  1  0 1.00  30 250 12 113 270 235 213   2  0    2 348  12 250 113 270 235 -24  24 4.4150 
 26   1  19   2   1   1  1  0 1.00  31 132 276 87 187 113 217   1  0    1  98 132 276  87 187 113 -34  34 3.1006 
 26   1  19   2   1   1  2  0 2.25  32 344 61 124 35 213  98   3  5    5 239 213 344  61 124  35  26  26 1.5548 
 26   1  19   2   1   1  2  0 2.25  33  13 336 223 357 98 240   3  4    4 335 357  13 336 223  98 -22  22 2.1768 
 26   1  19   2   1   1  2  0 2.25  34 271 301 166 157 88 224   1  5    5  89  88 271 301 166 157   1   1 1.4615 
 26   1  19   2   1   1  1  0 1.00  35 147 268 178 141 187 140   2  0    2 277 268 147 178 141 187   9   9 3.7403 
 26   1  19   2   1   1  1  0 1.00  36 217 230 273 87 164 262   3  0    3 298 273 217 230  87 164  25  25 3.5973 
 26   1  19   2   1   1  1  0 1.00  37 232 157 45 178 49  89   2  0    2 187 157 232  45 178  49  30  30 2.5645 
 26   1  19   2   1   1  1  0 1.00  38  45 88 102 194 270 300   5  0    5 293 270  45  88 102 194  23  23 3.7335 
 26   1  19   2   1   1  1  0 1.00  39 357 20 17 266 28  99   3  0    3  15  17 357  20 266  28  -2   2 4.1904 
 26   1  19   2   1   1  1  0 1.00  40 247 175 304 346 69  28   5  0    5  42  69 247 175 304 346 -27  27 2.8529 
 26   1  19   2   1   1  1  0 1.00  41 331 232 327 15 201  85   4  0    4  48  15 331 232 327 201  33  33 1.5303 
 26   1  19   2   1   1  2  0 2.25  42 199 154 276 126 320 351   4  5    5 333 320 199 154 276 126  13  13 1.7850 
 26   1  19   2   1   1  1  0 1.00  43 343 114 76 177 36 162   2  0    2 126 114 343  76 177  36  12  12 3.6020 
 26   1  19   2   1   1  2  0 2.25  44  75 60 258 34 226 171   5  3    3 278 258  75  60  34 226  20  20 2.1959 
 26   1  19   2   1   1  2  0 2.25  45 211 106 166 194 338  50   3  5    5 150 338 211 106 166 194 172 172 1.8478 
 26   1  19   2   1   1  1  0 1.00  46 318 351 328 274 182 175   4  0    4 300 274 318 351 328 182  26  26 4.6782 
 26   1  19   2   1   1  2  0 2.25  47 194 291 334 356 327  97   4  3    3 307 334 194 291 356 327 -27  27 2.3001 
 26   1  19   2   1   1  1  0 1.00  48 145 89 93 263 167  71   5  0    5 134 167 145  89  93 263 -33  33 3.1440 
 26   1  19   2   1   1  1  0 1.00  49 253 260 276 330 219 283   4  0    4 324 330 253 260 276 219  -6   6 1.7376 
 26   1  19   2   1   1  1  0 1.00  50 145 261  2 347 86 180   2  0    2 275 261 145   2 347  86  14  14 2.5569 
 26   1  19   2   1   1  2  0 2.25  51 292 338 81 15 46 288   4  3    3  86  81 292 338  15  46   5   5 1.4973 
 26   1  19   2   1   1  1  0 1.00  52 195 338 67 36 358  86   3  0    3  62  67 195 338  36 358  -5   5 1.4542 
 26   1  19   2   1   1  1  0 1.00  53  12 250 355 157 261 112   2  0    2 315 250  12 355 157 261  65  65 2.6211 
 26   1  19   2   1   1  2  0 2.25  54  40 313 268 336 154 255   2  1    1  68  40 313 268 336 154  28  28 1.7033 
 26   1  19   2   1   1  1  0 1.00  55 347 37 72 126 163 113   5  0    5 127 163 347  37  72 126 -36  36 3.4198 
 26   1  19   2   1   1  2  0 2.25  56 132 218 198 125 225  65   5  3    3 150 198 132 218 125 225 -48  48 1.2211 
 26   1  19   2   1   1  2  0 2.25  57 234 217 270 145 256 312   2  5    5 262 256 234 217 270 145   6   6 3.0408 
 26   1  19   2   1   1  2  0 2.25  58 349 129 250 156 28 131   2  1    1 240 349 129 250 156  28 -109 109 3.2817 
 26   1  19   2   1   1  1  0 1.00  59   3 169 273  9 56 279   5  0    5 307  56   3 169 273   9 -109 109 8.0051 
 26   1  19   2   1   1  2  0 2.25  60  61  1 353 201 270 227   3  1    1  57  61   1 353 201 270  -4   4 1.5459 
 26   1  19   2   1   1  1  0 1.00  61 231 198 131 112 171  73   4  0    4 144 112 231 198 131 171  32  32 1.7647 
 26   1  19   2   1   1  2  0 2.25  62  20 335 12 63 87 222   2  5    5 110  87  20 335  12  63  23  23 2.7698 
 26   1  19   2   1   1  2  0 2.25  63 250 111 283 130 295 338   5  4    4 132 130 250 111 283 295   2   2 1.9018 
 26   1  19   2   1   1  2  0 2.25  64 195 172 173 157 39   8   5  3    3 146 173 195 172 157  39 -27  27 2.4373 
 26   1  19   2   1   1  2  0 2.25  65 340 278 50 46 96 119   1  2    2 291 278 340  50  46  96  13  13 1.2711 
 26   1  19   2   1   1  1  0 1.00  66 123 289 29 122 228 273   1  0    1 150 123 289  29 122 228  27  27 1.5415 
 26   1  19   2   1   1  1  0 1.00  67 230  2 60 344 41 335   2  0    2 324   2 230  60 344  41 -38  38 2.5129 
 26   1  19   2   1   1  2  0 2.25  68 347 64 119 67 98  77   3  2    2  45  64 347 119  67  98 -19  19 1.0320 
 26   1  19   2   1   1  1  0 1.00  69 223 252 337 27 195  69   5  0    5 217 195 223 252 337  27  22  22 2.3119 
 26   1  19   2   1   1  1  0 1.00  70  56 125 152 140 207  99   5  0    5 223 207  56 125 152 140  16  16 1.7078 
 26   1  19   2   1   1  1  0 1.00  71 225 298 91 22 342 173   5  0    5 338 342 225 298  91  22  -4   4 3.8244 
 26   1  19   2   1   1  1  0 1.00  72  41 91 162 145 219 332   2  0    2  98  91  41 162 145 219   7   7 1.7020 
 26   1  19   2   1   1  2  0 2.25  73  32 242 217 111 261  19   1  3    3 236 217  32 242 111 261  19  19 1.7739 
 26   1  19   2   1   1  2  0 2.25  74   4 356 151 313 73 307   3  5    5  59  73   4 356 151 313 -14  14 2.3390 
 26   1  19   2   1   1  2  0 2.25  75  29 150 193 351 70  16   2  4    4 347 351  29 150 193  70  -4   4 2.1288 
 26   1  19   2   1   1  2  0 2.25  76 115 20 309 253 184 346   2  1    1 147 115  20 309 253 184  32  32 4.9927 
 26   1  19   2   1   1  2  0 2.25  77  81 298 273 289 185 178   4  3    3 252 273  81 298 289 185 -21  21 5.9695 
 26   1  19   2   1   1  1  0 1.00  78 309 332 178 162 278 227   4  0    4 185 162 309 332 178 278  23  23 3.9346 
 26   1  19   2   1   1  1  0 1.00  79 213 147 139 91 81 357   4  0    4  69  91 213 147 139  81 -22  22 1.8074 
 26   1  19   2   1   1  1  0 1.00  80  66 252 187 18 79 143   4  0    4   1  18  66 252 187  79 -17  17 1.7600 
 26   1  19   2   1   1  2  0 2.25  81 220 78 42 170 357 284   1  5    5  13 357 220  78  42 170  16  16 3.3097 
 26   1  19   2   1   1  1  0 1.00  82 300 272 266 154 184  54   3  0    3 285 266 300 272 154 184  19  19 2.8005 
 26   1  19   2   1   1  1  0 1.00  83 229 129 255 286 17  44   5  0    5 268  17 229 129 255 286 -109 109 2.1759 
 26   1  19   2   1   1  2  0 2.25  84 304 164 218 14 59 112   1  3    3 239 218 304 164  14  59  21  21 3.6125 
 26   1  19   2   1   1  2  0 2.25  85 350 275 151 219 153 245   3  5    5 179 153 350 275 151 219  26  26 1.7182 
 26   1  19   2   1   1  1  0 1.00  86  33 202 80 12 327 124   5  0    5  35 327  33 202  80  12  68  68 4.6020 
 26   1  19   2   1   1  2  0 2.25  87 297 255 164 197 201 262   3  5    5 162 201 297 255 164 197 -39  39 3.3866 
 26   1  19   2   1   1  2  0 2.25  88  80 260 247 329  3 284   2  4    4 326 329  80 260 247   3  -3   3 5.1091 
 26   1  19   2   1   1  1  0 1.00  89 258 32 190 91 65 179   4  0    4  64  91 258  32 190  65 -27  27 2.2300 
 26   1  19   2   1   1  1  0 1.00  90 122 40 294 137 21 322   5  0    5 149  21 122  40 294 137 128 128 3.3487 
 26   1  19   2   1   1  1  0 1.00  91  33 355 62 236 79 311   4  0    4 231 236  33 355  62  79  -5   5 3.3814 
 26   1  19   2   1   1  1  0 1.00  92 176 179 226 283 24 267   2  0    2 150 179 176 226 283  24 -29  29 5.2607 
 26   1  19   2   1   1  1  0 1.00  93 227 27 97 269 31 101   3  0    3  97  97 227  27 269  31   0   0 1.3674 
 26   1  19   2   1   1  2  0 2.25  94  63 107 52 76 354 186   2  3    3  53  52  63 107  76 354   1   1 2.3169 
 26   1  19   2   1   1  1  0 1.00  95 202 149 309 333 218  62   3  0    3 331 309 202 149 333 218  22  22 2.5362 
 26   1  19   2   1   1  2  0 2.25  96 329 150 287 95 283 263   1  2    2 140 150 329 287  95 283 -10  10 3.1977 
 26   1  19   2   1   1  1  0 1.00  97 114 167 47  8 304 304   4  0    4 334   8 114 167  47 304 -34  34 6.0286 
 26   1  19   2   1   1  2  0 2.25  98 322 218 78 158 267 255   2  5    5 280 267 322 218  78 158  13  13 2.9709 
 26   1  19   2   1   1  1  0 1.00  99 276 22 314 195 126 160   4  0    4 199 195 276  22 314 126   4   4 1.7475 
 26   1  19   2   1   1  2  0 2.25 100 173  5 101 218 260 283   4  2    2 349   5 173 101 218 260 -16  16 1.4732 
