  4   1  19   1   0   0  0  2 2.25   1 269 293 210 215 208 205   0  0    4 210 215 269 293 210 208  -5   5 2.7261 
  4   1  19   1   0   0  0  1 1.00   2   6 221 356 57 291 285   0  0    3  15 356   6 221  57 291  19  19 4.1569 
  4   1  19   1   0   0  0  2 2.25   3  79 180 171 344 154 127   0  0    4  42 344  79 180 171 154  58  58 4.6381 
  4   1  19   1   0   0  0  1 1.00   4 219 38 299 343 261 108   0  0    2  51  38 219 299 343 261  13  13 1.5670 
  4   1  19   1   1   0  0  2 2.25   1 110 47  4 187 274 119   0  0    2 297  47 110   4 187 274 -110 110 2.5641 
  4   1  19   1   1   0  0  2 2.25   2 358 260 280 204 333 310   0  0    3 165 280 358 260 204 333 -115 115 3.6783 
  4   1  19   1   1   0  0  1 1.00   3 349 126 179 81 287 349   0  0    5 300 287 349 126 179  81  13  13 2.8549 
  4   1  19   1   1   0  0  1 1.00   4 233 238 245 336 202 332   0  0    1 234 233 238 245 336 202   1   1 1.6891 
  4   1  19   1   1   0  0  2 2.25   5 319 25 241  3 30 228   0  0    3 241 241 319  25   3  30   0   0 3.2480 
  4   1  19   1   1   0  0  1 1.00   6 118 282 77 21 85 133   0  0    3  71  77 118 282  21  85  -6   6 1.9295 
  4   1  19   1   1   0  0  1 1.00   7 205 115 40 52 222 307   0  0    3  41  40 205 115  52 222   1   1 2.2894 
  4   1  19   1   1   0  0  1 1.00   8  65 263 31 198 120 226   0  0    3 140  31  65 263 198 120 109 109 2.1789 
  4   1  19   1   1   0  0  1 1.00   9  21 192 216  2 341 210   0  0    2 175 192  21 216   2 341 -17  17 1.8331 
  4   1  19   1   1   0  0  2 2.25  10  80 341 42 76 66 252   0  0    2 358 341  80  42  76  66  17  17 3.6417 
  4   1  19   1   1   0  0  1 1.00  11 102 115 325 61 271 336   0  0    2 110 115 102 325  61 271  -5   5 2.1316 
  4   1  19   1   1   0  0  2 2.25  12 149 292 152 317 198 129   0  0    4 345 317 149 292 152 198  28  28 1.9759 
  4   1  19   1   1   0  0  1 1.00  13  55 161 333  7 230  73   0  0    4 352   7  55 161 333 230 -15  15 2.0863 
  4   1  19   1   1   0  0  2 2.25  14 144 147 198 360 53 271   0  0    2 147 147 144 198 360  53   0   0 2.7167 
  4   1  19   1   1   0  0  2 2.25  15 300 246 306 278 96 315   0  0    2 244 246 300 306 278  96  -2   2 3.2890 
  4   1  19   1   1   0  0  1 1.00  16 160 227 135 68 15 326   0  0    2 215 227 160 135  68  15 -12  12 1.6892 
  4   1  19   1   1   0  0  2 2.25  17 143 182 21 50 340  32   0  0    3 206  21 143 182  50 340 -175 175 3.5760 
  4   1  19   1   1   0  0  1 1.00  18 229 358 355 286 190 185   0  0    2 357 358 229 355 286 190  -1   1 2.5646 
  4   1  19   1   1   0  0  2 2.25  19 217 266 158 265 226 116   0  0    4 269 265 217 266 158 226   4   4 2.9910 
  4   1  19   1   1   0  0  1 1.00  20   2 211 308 75  7 136   0  0    3 264 308   2 211  75   7 -44  44 3.2997 
  4   1  19   1   1   0  0  1 1.00  21 131 295 130 314 349 201   0  0    5   1 349 131 295 130 314  12  12 2.8993 
  4   1  19   1   1   0  0  2 2.25  22  37  3 28 282 69 240   0  0    5  63  69  37   3  28 282  -6   6 3.0480 
  4   1  19   1   1   0  0  2 2.25  23 343 249 347 92 163  49   0  0    3 353 347 343 249  92 163   6   6 3.2706 
  4   1  19   1   1   0  0  1 1.00  24  52 51 274 182 309 239   0  0    1  32  52  51 274 182 309 -20  20 2.1035 
  4   1  19   1   1   0  0  1 1.00  25 270 77 97 281 334 252   0  0    1 262 270  77  97 281 334  -8   8 2.3846 
  4   1  19   1   1   0  0  1 1.00  26 246 250 48 58 169 122   0  0    1 244 246 250  48  58 169  -2   2 3.0700 
  4   1  19   1   1   0  0  2 2.25  27  52 169 298 344  2 263   0  0    1  76  52 169 298 344   2  24  24 2.2599 
  4   1  19   1   1   0  0  2 2.25  28 212 168 196 354 247 214   0  0    2 197 168 212 196 354 247  29  29 1.6593 
  4   1  19   1   1   0  0  1 1.00  29 193 323 228 320 252  85   0  0    4   6 320 193 323 228 252  46  46 1.5747 
  4   1  19   1   1   0  0  1 1.00  30  72 286 209 267 309 356   0  0    4 191 267  72 286 209 309 -76  76 6.1656 
  4   1  19   1   1   0  0  2 2.25  31 174 81 330 101 237 258   0  0    1 184 174  81 330 101 237  10  10 2.3648 
  4   1  19   1   1   0  0  2 2.25  32 290 302 28 172 330  34   0  0    2 267 302 290  28 172 330 -35  35 2.4393 
  4   1  19   1   1   0  0  1 1.00  33 232 206 318 250 173 239   0  0    3 210 318 232 206 250 173 -108 108 1.6346 
  4   1  19   1   1   0  0  2 2.25  34  78 245 269 311 151  32   0  0    5  88 151  78 245 269 311 -63  63 4.0275 
  4   1  19   1   1   0  0  2 2.25  35   1 331 138 318 107  16   0  0    4 261 318   1 331 138 107 -57  57 2.9062 
  4   1  19   1   1   0  0  2 2.25  36 353 116 270 56 146 134   0  0    4 334  56 353 116 270 146 -82  82 3.8228 
  4   1  19   1   1   0  0  1 1.00  37 321 325 25 14 63 216   0  0    3 234  25 321 325  14  63 -151 151 2.7133 
  4   1  19   1   1   0  0  2 2.25  38 346 204 310  7 108 168   0  0    4 351   7 346 204 310 108 -16  16 1.4542 
  4   1  19   1   1   0  0  2 2.25  39 337 360 47 288 184 241   0  0    1 310 337 360  47 288 184 -27  27 3.4465 
  4   1  19   1   1   0  0  2 2.25  40 322  1 323 328 164  46   0  0    3 316 323 322   1 328 164  -7   7 2.2693 
  4   1  19   1   1   0  0  1 1.00  41 254 27 151 351  2 305   0  0    1 260 254  27 151 351   2   6   6 1.7434 
  4   1  19   1   1   0  0  1 1.00  42  87 264 312 213 152 245   0  0    4 252 213  87 264 312 152  39  39 3.2875 
  4   1  19   1   1   0  0  1 1.00  43 323 128 65 228 52 229   0  0    4 237 228 323 128  65  52   9   9 1.6639 
  4   1  19   1   1   0  0  2 2.25  44 269 359 229 206 288 192   0  0    2 356 359 269 229 206 288  -3   3 2.1913 
  4   1  19   1   1   0  0  1 1.00  45 279 87 29 305 130 102   0  0    5 290 130 279  87  29 305 160 160 2.0209 
  4   1  19   1   1   0  0  2 2.25  46  95 67 37 185 282  36   0  0    4 205 185  95  67  37 282  20  20 2.4138 
  4   1  19   1   1   0  0  1 1.00  47 264 317 310 286 116 335   0  0    5 185 116 264 317 310 286  69  69 2.3299 
  4   1  19   1   1   0  0  1 1.00  48 127  2 274 14 160 250   0  0    1 131 127   2 274  14 160   4   4 2.5533 
  4   1  19   1   1   0  0  2 2.25  49 251 316 308 93 350  37   0  0    3 310 308 251 316  93 350   2   2 2.3403 
  4   1  19   1   1   0  0  1 1.00  50  38 120 240 176 358 103   0  0    4 122 176  38 120 240 358 -54  54 2.5157 
  4   1  19   1   1   0  0  2 2.25  51 114 279 154 226 48  32   0  0    1 115 114 279 154 226  48   1   1 1.9536 
  4   1  19   1   1   0  0  2 2.25  52 208 60 11 12 192  66   0  0    1 307 208  60  11  12 192  99  99 2.7734 
  4   1  19   1   1   0  0  1 1.00  53 187 273 155 64 135 281   0  0    4 116  64 187 273 155 135  52  52 2.1390 
  4   1  19   1   1   0  0  2 2.25  54  31 84 283 332 219 350   0  0    4 111 332  31  84 283 219 139 139 1.5913 
  4   1  19   1   1   0  0  2 2.25  55 325 269 292 227 343  18   0  0    5 341 343 325 269 292 227  -2   2 1.5541 
  4   1  19   1   1   0  0  1 1.00  56  66 20 219 318 82 228   0  0    3 242 219  66  20 318  82  23  23 2.3857 
  4   1  19   1   1   0  0  1 1.00  57  12 162 343 94 191  16   0  0    5  12 191  12 162 343  94 -179 179 1.9750 
  4   1  19   1   1   0  0  1 1.00  58 115 81 216 308 222 296   0  0    4 239 308 115  81 216 222 -69  69 2.0136 
  4   1  19   1   1   0  0  2 2.25  59  20 255 336 252 289 154   0  0    1 245  20 255 336 252 289 -135 135 3.2305 
  4   1  19   1   1   0  0  2 2.25  60  99 75 98 122 351 234   0  0    1  91  99  75  98 122 351  -8   8 3.1095 
  4   1  19   1   1   0  0  1 1.00  61  61 257 48 154 84 257   0  0    3  76  48  61 257 154  84  28  28 2.8374 
  4   1  19   1   1   0  0  1 1.00  62 294 238 158 225 148 211   0  0    3 151 158 294 238 225 148  -7   7 2.8003 
  4   1  19   1   1   0  0  1 1.00  63 269 217 97 92 199 242   0  0    4 202  92 269 217  97 199 110 110 1.7884 
  4   1  19   1   1   0  0  2 2.25  64 320 240 234 171 301 208   0  0    3 227 234 320 240 171 301  -7   7 1.7350 
  4   1  19   1   1   0  0  1 1.00  65 119 216 40 171 223 229   0  0    2 218 216 119  40 171 223   2   2 3.1751 
  4   1  19   1   1   0  0  1 1.00  66 289 201 258 65 328 301   0  0    4 354  65 289 201 258 328 -71  71 1.9002 
  4   1  19   1   1   0  0  2 2.25  67  68 156 117 199 345 209   0  0    3  88 117  68 156 199 345 -29  29 3.2180 
  4   1  19   1   1   0  0  2 2.25  68 167 13 18  4 233  58   0  0    5 244 233 167  13  18   4  11  11 2.6657 
  4   1  19   1   1   0  0  1 1.00  69 214  3 123 247 271 163   0  0    1 246 214   3 123 247 271  32  32 2.0595 
  4   1  19   1   1   0  0  2 2.25  70  95 222 156 329 174  83   0  0    3 194 156  95 222 329 174  38  38 3.7072 
  4   1  19   1   1   0  0  1 1.00  71 340 12 215 29 188 277   0  0    3  75 215 340  12  29 188 -140 140 1.7623 
  4   1  19   1   1   0  0  2 2.25  72 360 19 187 239 294  62   0  0    3 152 187 360  19 239 294 -35  35 1.5736 
  4   1  19   1   1   0  0  2 2.25  73 186 246 220 180 356  30   0  0    2 198 246 186 220 180 356 -48  48 1.9931 
  4   1  19   1   1   0  0  2 2.25  74 209 288 32 152 349   7   0  0    3  42  32 209 288 152 349  10  10 1.6036 
  4   1  19   1   1   0  0  2 2.25  75 202 347 312 213 58  25   0  0    3 285 312 202 347 213  58 -27  27 1.8617 
  4   1  19   1   1   0  0  1 1.00  76  44 223 279 233 148 222   0  0    3 235 279  44 223 233 148 -44  44 2.0346 
  4   1  19   1   1   0  0  2 2.25  77 261 321 12 273 244 328   0  0    3 328  12 261 321 273 244 -44  44 1.7470 
  4   1  19   1   1   0  0  2 2.25  78 338 259 309 263 144 246   0  0    5 276 144 338 259 309 263 132 132 3.5029 
  4   1  19   1   1   0  0  1 1.00  79 148 117 326 290 263 219   0  0    1 145 148 117 326 290 263  -3   3 1.9664 
  4   1  19   1   1   0  0  2 2.25  80 258 297 169 31 210 310   0  0    1 182 258 297 169  31 210 -76  76 1.8014 
  4   1  19   1   1   0  0  1 1.00  81 232 68 188 268 31 113   0  0    1 269 232  68 188 268  31  37  37 1.5587 
  4   1  19   1   1   0  0  1 1.00  82 292 229 316 313 154 170   0  0    3 320 316 292 229 313 154   4   4 2.2064 
  4   1  19   1   1   0  0  1 1.00  83 168 129 311 318 31  41   0  0    5  47  31 168 129 311 318  16  16 2.2353 
  4   1  19   1   1   0  0  1 1.00  84  92 145 268 130 282  51   0  0    5 131 282  92 145 268 130 -151 151 1.8628 
  4   1  19   1   1   0  0  2 2.25  85 354 70 283 281 209 219   0  0    3 266 283 354  70 281 209 -17  17 1.7180 
  4   1  19   1   1   0  0  1 1.00  86  92 247 11 128 24 145   0  0    1  66  92 247  11 128  24 -26  26 1.5828 
  4   1  19   1   1   0  0  1 1.00  87  63 88 318  6 256  62   0  0    1  51  63  88 318   6 256 -12  12 2.0530 
  4   1  19   1   1   0  0  1 1.00  88 350 61 131 107 14 193   0  0    4  52 107 350  61 131  14 -55  55 2.2241 
  4   1  19   1   1   0  0  2 2.25  89 301 66 19 25 52 160   0  0    4 352  25 301  66  19  52 -33  33 1.6729 
  4   1  19   1   1   0  0  2 2.25  90 300 107 185 283 14 204   0  0    2  97 107 300 185 283  14 -10  10 2.1443 
  4   1  19   1   1   0  0  2 2.25  91 185 281  9 259 206  27   0  0    5 197 206 185 281   9 259  -9   9 1.9245 
  4   1  19   1   1   0  0  1 1.00  92 129 289 52 277 262 327   0  0    2 177 289 129  52 277 262 -112 112 2.3411 
  4   1  19   1   1   0  0  2 2.25  93 319 351 45 73 253 126   0  0    4  63  73 319 351  45 253 -10  10 2.1771 
  4   1  19   1   1   0  0  1 1.00  94 332 11 121 201 355 237   0  0    1 307 332  11 121 201 355 -25  25 3.3433 
  4   1  19   1   1   0  0  2 2.25  95 248 258 110 49 284  14   0  0    1  92 248 258 110  49 284 -156 156 2.2662 
  4   1  19   1   1   0  0  2 2.25  96 240 11 343 123 283 253   0  0    1 238 240  11 343 123 283  -2   2 1.5289 
  4   1  19   1   1   0  0  2 2.25  97 161 289 316 85 304 295   0  0    3 313 316 161 289  85 304  -3   3 1.4459 
  4   1  19   1   1   0  0  1 1.00  98 359 48 220 303 92 230   0  0    5  61  92 359  48 220 303 -31  31 1.5535 
  4   1  19   1   1   0  0  1 1.00  99 182 70 183 330 264   2   0  0    1 186 182  70 183 330 264   4   4 2.6732 
  4   1  19   1   1   0  0  2 2.25 100 130 97 345 100 60 291   0  0    1 139 130  97 345 100  60   9   9 2.3835 
  4   1  19   1   0   1  1  0 1.00   1 241 197 307 88 65  63   4  0    4  59  88 241 197 307  65 -29  29 3.0155 
  4   1  19   1   0   1  2  0 2.25   2 195 262 292 128 47 348   2  1    1 183 195 262 292 128  47 -12  12 2.3132 
  4   1  19   1   0   1  2  0 2.25   3  80 301 328 95 102  91   3  5    5  78 102  80 301 328  95 -24  24 1.9918 
  4   1  19   1   0   1  1  0 1.00   4 197 85 17 163 226 227   4  0    4 187 163 197  85  17 226  24  24 2.1208 
  4   1  19   1   1   1  1  0 1.00   1 123 75 220 311 305 302   4  0    4 302 311 123  75 220 305  -9   9 1.6641 
  4   1  19   1   1   1  2  0 2.25   2 330 293 296 109 51 356   1  4    4  82 109 330 293 296  51 -27  27 1.5934 
  4   1  19   1   1   1  2  0 2.25   3  24 86 26 98 294  98   2  1    1  34  24  86  26  98 294  10  10 1.8141 
  4   1  19   1   1   1  2  0 2.25   4 142 138 49 331 108 340   5  2    2 169 138 142  49 331 108  31  31 1.7292 
  4   1  19   1   1   1  2  0 2.25   5  53 234 98 81 337 112   4  3    3  61  98  53 234  81 337 -37  37 1.1757 
  4   1  19   1   1   1  2  0 2.25   6 271 224 45 187 249 136   5  1    1 162 271 224  45 187 249 -109 109 1.9015 
  4   1  19   1   1   1  2  0 2.25   7 255 244 174 351 103 298   4  2    2 274 244 255 174 351 103  30  30 2.0772 
  4   1  19   1   1   1  2  0 2.25   8  28 31 286 11 307 178   4  3    3 307 286  28  31  11 307  21  21 1.5100 
  4   1  19   1   1   1  1  0 1.00   9 288 301 215 114 65 191   4  0    4 126 114 288 301 215  65  12  12 2.0110 
  4   1  19   1   1   1  1  0 1.00  10 212 74 351  7 142 307   2  0    2  75  74 212 351   7 142   1   1 1.8272 
  4   1  19   1   1   1  2  0 2.25  11 188 265 336 40 89 244   1  4    4  44  40 188 265 336  89   4   4 1.2864 
  4   1  19   1   1   1  2  0 2.25  12  95 159 157 108 41  63   3  4    4  78 108  95 159 157  41 -30  30 1.7514 
  4   1  19   1   1   1  2  0 2.25  13  72 73 256 144 62  48   5  1    1 122  72  73 256 144  62  50  50 1.3893 
  4   1  19   1   1   1  1  0 1.00  14 314 127 22 323 199  13   2  0    2 136 127 314  22 323 199   9   9 2.5029 
  4   1  19   1   1   1  1  0 1.00  15  94 135 221 112 318 100   1  0    1 134  94 135 221 112 318  40  40 2.6346 
  4   1  19   1   1   1  2  0 2.25  16 161 52 101 178 36   8   4  3    3 163 101 161  52 178  36  62  62 2.0761 
  4   1  19   1   1   1  2  0 2.25  17  48 224 183 295 207 249   3  5    5 196 207  48 224 183 295 -11  11 1.2050 
  4   1  19   1   1   1  1  0 1.00  18  28 64 229 162 148 143   5  0    5 188 148  28  64 229 162  40  40 1.9742 
  4   1  19   1   1   1  2  0 2.25  19 282 13 162 91 174 342   2  3    3 287 162 282  13  91 174 125 125 2.1071 
  4   1  19   1   1   1  2  0 2.25  20 281 244 349 319 177 117   2  3    3 202 349 281 244 319 177 -147 147 2.5627 
  4   1  19   1   1   1  1  0 1.00  21 322 18 124 289 34 305   5  0    5 358  34 322  18 124 289 -36  36 1.7643 
  4   1  19   1   1   1  1  0 1.00  22 353 309 162 10 157 357   2  0    2 292 309 353 162  10 157 -17  17 2.9983 
  4   1  19   1   1   1  1  0 1.00  23 118 85 357 43 24 182   4  0    4  31  43 118  85 357  24 -12  12 1.5975 
  4   1  19   1   1   1  1  0 1.00  24 117 60  4 40 44 149   2  0    2  31  60 117   4  40  44 -29  29 1.8623 
  4   1  19   1   1   1  1  0 1.00  25  24 357 136 304 47 225   1  0    1  58  24 357 136 304  47  34  34 1.5087 
  4   1  19   1   1   1  1  0 1.00  26 250 274 301 289 187  96   3  0    3 294 301 250 274 289 187  -7   7 1.6787 
  4   1  19   1   1   1  2  0 2.25  27   3 47 13 145 173 260   4  2    2 230  47   3  13 145 173 -177 177 1.9272 
  4   1  19   1   1   1  1  0 1.00  28  69 97 14 295 34 121   5  0    5  65  34  69  97  14 295  31  31 1.3871 
  4   1  19   1   1   1  2  0 2.25  29  49 32 45 16 339  45   4  2    2  69  32  49  45  16 339  37  37 1.2080 
  4   1  19   1   1   1  1  0 1.00  30 120 210 341 27 23  76   2  0    2 223 210 120 341  27  23  13  13 2.6413 
  4   1  19   1   1   1  2  0 2.25  31 219 340 75 217 59 199   4  1    1 239 219 340  75 217  59  20  20 2.7387 
  4   1  19   1   1   1  2  0 2.25  32  14 281 209 157 21 126   3  4    4 174 157  14 281 209  21  17  17 2.3121 
  4   1  19   1   1   1  1  0 1.00  33 183 109 243 98 355  58   1  0    1 249 183 109 243  98 355  66  66 1.9001 
  4   1  19   1   1   1  2  0 2.25  34  41 217 125 11 207 120   5  4    4 343  11  41 217 125 207 -28  28 1.1878 
  4   1  19   1   1   1  2  0 2.25  35  58 131 169 267 260  94   5  1    1 112  58 131 169 267 260  54  54 1.4649 
  4   1  19   1   1   1  1  0 1.00  36 188 357 57 106 19 275   4  0    4 121 106 188 357  57  19  15  15 4.1431 
  4   1  19   1   1   1  2  0 2.25  37   7 154 325 292 355 354   5  4    4 295 292   7 154 325 355   3   3 1.0670 
  4   1  19   1   1   1  2  0 2.25  38  15 197 212 323 356 100   5  4    4  78 323  15 197 212 356 115 115 1.0370 
  4   1  19   1   1   1  2  0 2.25  39  44 282 181 87 300 301   3  1    1  91  44 282 181  87 300  47  47 1.2242 
  4   1  19   1   1   1  2  0 2.25  40 265 30 249 121 93 352   5  4    4  96 121 265  30 249  93 -25  25 1.4600 
  4   1  19   1   1   1  1  0 1.00  41  21 136 346 137 262 332   3  0    3 343 346  21 136 137 262  -3   3 1.2750 
  4   1  19   1   1   1  2  0 2.25  42  66 133 136 41 99 218   2  4    4 110  41  66 133 136  99  69  69 1.2847 
  4   1  19   1   1   1  2  0 2.25  43 204 194 41 310 66 147   4  1    1  41 204 194  41 310  66 -163 163 1.1097 
  4   1  19   1   1   1  1  0 1.00  44 108 186 18 154 113  97   3  0    3 175  18 108 186 154 113 157 157 1.4990 
  4   1  19   1   1   1  2  0 2.25  45 269 117 217 324 165 147   3  5    5 182 165 269 117 217 324  17  17 0.8352 
  4   1  19   1   1   1  1  0 1.00  46 288 290 17 92 46 349   5  0    5 264  46 288 290  17  92 -142 142 1.7475 
  4   1  19   1   1   1  1  0 1.00  47 147 32 258 120 66 114   1  0    1 159 147  32 258 120  66  12  12 1.5022 
  4   1  19   1   1   1  1  0 1.00  48 221 235 254 332 33  29   2  0    2 234 235 221 254 332  33  -1   1 1.2350 
  4   1  19   1   1   1  2  0 2.25  49 340 121 175 25 253 360   2  3    3 236 175 340 121  25 253  61  61 7.4140 
  4   1  19   1   1   1  1  0 1.00  50 339 207 209 41 173 197   4  0    4  80  41 339 207 209 173  39  39 1.6003 
  4   1  19   1   1   1  2  0 2.25  51   3 23 343 286 271 152   2  3    3 242 343   3  23 286 271 -101 101 1.3821 
  4   1  19   1   1   1  1  0 1.00  52 323 163 260 111 349 226   5  0    5   1 349 323 163 260 111  12  12 1.1359 
  4   1  19   1   1   1  1  0 1.00  53  38 47 278 182 263 293   3  0    3 295 278  38  47 182 263  17  17 1.3399 
  4   1  19   1   1   1  2  0 2.25  54 127 56 216 112 291 300   4  3    3 238 216 127  56 112 291  22  22 0.8348 
  4   1  19   1   1   1  1  0 1.00  55 161 244 262 130 186  19   2  0    2 234 244 161 262 130 186 -10  10 1.5152 
  4   1  19   1   1   1  1  0 1.00  56 248 134  4 303 217 161   2  0    2 154 134 248   4 303 217  20  20 1.3994 
  4   1  19   1   1   1  2  0 2.25  57  37 285 356 212 314 245   1  2    2  95 285  37 356 212 314 170 170 1.8676 
  4   1  19   1   1   1  2  0 2.25  58 113 79 102 157 136 251   3  5    5 103 136 113  79 102 157 -33  33 1.2446 
  4   1  19   1   1   1  2  0 2.25  59 268 225 191 338 106 146   2  5    5  64 106 268 225 191 338 -42  42 0.9998 
  4   1  19   1   1   1  1  0 1.00  60 152 126 289 15 306  12   5  0    5 280 306 152 126 289  15 -26  26 1.6332 
  4   1  19   1   1   1  2  0 2.25  61 234 188 296 77 351 228   1  3    3 231 296 234 188  77 351 -65  65 1.6359 
  4   1  19   1   1   1  2  0 2.25  62   9 232 45 48 184 292   4  1    1 338   9 232  45  48 184 -31  31 1.9025 
  4   1  19   1   1   1  1  0 1.00  63 256 175 285 288 89 325   3  0    3  93 285 256 175 288  89 168 168 1.5870 
  4   1  19   1   1   1  1  0 1.00  64 232 43 114 332 231 267   4  0    4  82 332 232  43 114 231 110 110 0.9324 
  4   1  19   1   1   1  1  0 1.00  65 319 281 302 213 357 337   4  0    4 192 213 319 281 302 357 -21  21 1.2405 
  4   1  19   1   1   1  2  0 2.25  66  35 38 168  7 15 101   5  4    4 352   7  35  38 168  15 -15  15 2.3637 
  4   1  19   1   1   1  1  0 1.00  67  32 297 305 252 20 264   4  0    4 242 252  32 297 305  20 -10  10 1.7409 
  4   1  19   1   1   1  1  0 1.00  68 290 26 267 80 39 167   1  0    1 314 290  26 267  80  39  24  24 2.3682 
  4   1  19   1   1   1  2  0 2.25  69 291 19 331 245 223 252   4  5    5 232 223 291  19 331 245   9   9 1.4927 
  4   1  19   1   1   1  1  0 1.00  70 233 126  6 47 337 120   1  0    1 314 233 126   6  47 337  81  81 7.1701 
  4   1  19   1   1   1  2  0 2.25  71 180 42 161 326 92  89   4  3    3 205 161 180  42 326  92  44  44 1.1134 
  4   1  19   1   1   1  1  0 1.00  72 157 325 35 126 356 102   2  0    2  45 325 157  35 126 356  80  80 1.6060 
  4   1  19   1   1   1  2  0 2.25  73 185 116 190 13 166  24   4  5    5 199 166 185 116 190  13  33  33 1.5861 
  4   1  19   1   1   1  2  0 2.25  74 151 10 129 173 126 248   5  3    3 139 129 151  10 173 126  10  10 2.5027 
  4   1  19   1   1   1  1  0 1.00  75  66 281 279 15 283  16   4  0    4 348  15  66 281 279 283 -27  27 2.5304 
  4   1  19   1   1   1  1  0 1.00  76 203 338 289 260 205 245   5  0    5 167 205 203 338 289 260 -38  38 1.5719 
  4   1  19   1   1   1  1  0 1.00  77  12 230 182 32 336 124   4  0    4  30  32  12 230 182 336  -2   2 1.3341 
  4   1  19   1   1   1  1  0 1.00  78  49 140 267 115 45  24   4  0    4 117 115  49 140 267  45   2   2 3.0738 
  4   1  19   1   1   1  2  0 2.25  79  35 268 148 228 205  76   5  1    1  16  35 268 148 228 205 -19  19 0.9296 
  4   1  19   1   1   1  1  0 1.00  80 239 286 71 264 315 265   3  0    3  85  71 239 286 264 315  14  14 1.6537 
  4   1  19   1   1   1  1  0 1.00  81 177 182 110 211 56 132   3  0    3 239 110 177 182 211  56 129 129 2.1165 
  4   1  19   1   1   1  1  0 1.00  82 126 298 332 341 84  13   3  0    3 327 332 126 298 341  84  -5   5 1.7201 
  4   1  19   1   1   1  2  0 2.25  83  22 290 298 272 94 298   1  5    5 117  94  22 290 298 272  23  23 1.3273 
  4   1  19   1   1   1  2  0 2.25  84 205 49 22 188 37 129   3  2    2  72  49 205  22 188  37  23  23 1.7029 
  4   1  19   1   1   1  2  0 2.25  85 263 42 250 130 127 240   3  4    4  83 130 263  42 250 127 -47  47 1.1988 
  4   1  19   1   1   1  1  0 1.00  86 158 244 313 349 180 215   1  0    1 132 158 244 313 349 180 -26  26 1.4641 
  4   1  19   1   1   1  1  0 1.00  87 108 53 324 236 310 143   3  0    3 306 324 108  53 236 310 -18  18 1.4543 
  4   1  19   1   1   1  1  0 1.00  88 192 76 88 89 358 198   4  0    4  68  89 192  76  88 358 -21  21 1.7732 
  4   1  19   1   1   1  2  0 2.25  89 239 169 49 203  2 357   5  3    3  68  49 239 169 203   2  19  19 1.2184 
  4   1  19   1   1   1  2  0 2.25  90 354 169 63 304 358 327   2  1    1   2 354 169  63 304 358   8   8 2.4462 
  4   1  19   1   1   1  1  0 1.00  91  24 79 190 320 136  84   4  0    4 218 320  24  79 190 136 -102 102 1.2926 
  4   1  19   1   1   1  2  0 2.25  92 106 200  7 154 149  64   1  5    5 226 149 106 200   7 154  77  77 2.0617 
  4   1  19   1   1   1  2  0 2.25  93 123 342 109 221 64 313   3  1    1 113 123 342 109 221  64 -10  10 1.7352 
  4   1  19   1   1   1  1  0 1.00  94 280 74 276 103 307 343   3  0    3 271 276 280  74 103 307  -5   5 1.6748 
  4   1  19   1   1   1  2  0 2.25  95  61 25 330 197 349 358   3  1    1  77  61  25 330 197 349  16  16 1.5797 
  4   1  19   1   1   1  1  0 1.00  96 252 283 277  3 132 269   2  0    2 302 283 252 277   3 132  19  19 1.5652 
  4   1  19   1   1   1  2  0 2.25  97 161  9 124 214 255 290   2  3    3  78 124 161   9 214 255 -46  46 1.0187 
  4   1  19   1   1   1  1  0 1.00  98 328 231 236 80 14 221   5  0    5  13  14 328 231 236  80  -1   1 1.7394 
  4   1  19   1   1   1  1  0 1.00  99 130 242 65 16 83  10   3  0    3  78  65 130 242  16  83  13  13 1.3747 
  4   1  19   1   1   1  1  0 1.00 100 118 243 291 88 320 227   4  0    4  58  88 118 243 291 320 -30  30 1.3450 
