  5   1  19   1   0   1  2  0 2.25   1 129 69 202 360 249 250   2  3    3 306 202 129  69 360 249 104 104 4.4929 
  5   1  19   1   0   1  2  0 2.25   2 231 137 25 53 230  97   4  1    1 239 231 137  25  53 230   8   8 3.4737 
  5   1  19   1   0   1  1  0 1.00   3  67 203 126 142 338 126   2  0    2 232 203  67 126 142 338  29  29 4.1336 
  5   1  19   1   0   1  1  0 1.00   4   6 302 125  4 335  64   4  0    4 358   4   6 302 125 335  -6   6 2.9582 
  5   1  19   1   1   1  2  0 2.25   1  93 187 11 36 179 144   4  1    1  56  93 187  11  36 179 -37  37 2.3395 
  5   1  19   1   1   1  2  0 2.25   2 307 140 101 63 318 100   4  5    5 353 318 307 140 101  63  35  35 3.8253 
  5   1  19   1   1   1  1  0 1.00   3 182 225 221 112 258 118   1  0    1 182 182 225 221 112 258   0   0 3.7749 
  5   1  19   1   1   1  1  0 1.00   4 286 183 204 199 65  91   1  0    1 319 286 183 204 199  65  33  33 3.1347 
  5   1  19   1   1   1  1  0 1.00   5 238 338 334  1 155 267   3  0    3 301 334 238 338   1 155 -33  33 3.0722 
  5   1  19   1   1   1  1  0 1.00   6 320 224 350 193 84  70   1  0    1 307 320 224 350 193  84 -13  13 4.4526 
  5   1  19   1   1   1  2  0 2.25   7  56 232 305 214 41 296   1  2    2 235 232  56 305 214  41   3   3 3.9474 
  5   1  19   1   1   1  1  0 1.00   8 330 160 313  6 36  64   3  0    3 360 313 330 160   6  36  47  47 3.6921 
  5   1  19   1   1   1  2  0 2.25   9 175 291 27 297 116  90   1  5    5  79 116 175 291  27 297 -37  37 2.7545 
  5   1  19   1   1   1  2  0 2.25  10 140 351 356 239 258   5   1  5    5 177 258 140 351 356 239 -81  81 3.5911 
  5   1  19   1   1   1  1  0 1.00  11 280 178 64 155 175 167   5  0    5 148 175 280 178  64 155 -27  27 2.8543 
  5   1  19   1   1   1  2  0 2.25  12 193 224 86 221 48 145   3  5    5  33  48 193 224  86 221 -15  15 2.3989 
  5   1  19   1   1   1  1  0 1.00  13 181 252 161 145 193 215   5  0    5 148 193 181 252 161 145 -45  45 2.2787 
  5   1  19   1   1   1  2  0 2.25  14  47 202 151 312 128  80   3  1    1  70  47 202 151 312 128  23  23 3.6953 
  5   1  19   1   1   1  2  0 2.25  15 285 130 334 216 305 320   5  2    2 143 130 285 334 216 305  13  13 2.5896 
  5   1  19   1   1   1  2  0 2.25  16 342 23 316 158 152 342   4  3    3 309 316 342  23 158 152  -7   7 3.5291 
  5   1  19   1   1   1  1  0 1.00  17 171 133 89 357 13  13   3  0    3 355  89 171 133 357  13 -94  94 1.9550 
  5   1  19   1   1   1  1  0 1.00  18  14 81 144 250 272   9   1  0    1  10  14  81 144 250 272  -4   4 1.5094 
  5   1  19   1   1   1  2  0 2.25  19 172 69 206 255 242  41   4  2    2  64  69 172 206 255 242  -5   5 2.1174 
  5   1  19   1   1   1  2  0 2.25  20   1 199 147 263 170 196   1  2    2 195 199   1 147 263 170  -4   4 1.8362 
  5   1  19   1   1   1  2  0 2.25  21 246 176 233 56 141 241   2  1    1 261 246 176 233  56 141  15  15 1.4946 
  5   1  19   1   1   1  2  0 2.25  22 101 43 338 150 14 354   1  4    4 188 150 101  43 338  14  38  38 1.6234 
  5   1  19   1   1   1  2  0 2.25  23 294 235 230 234 12 256   1  2    2 240 235 294 230 234  12   5   5 1.4827 
  5   1  19   1   1   1  2  0 2.25  24 199 240 225 289 242 243   5  4    4 296 289 199 240 225 242   7   7 1.8434 
  5   1  19   1   1   1  1  0 1.00  25 349 126 225 98 218 128   4  0    4  25  98 349 126 225 218 -73  73 2.5226 
  5   1  19   1   1   1  1  0 1.00  26 344 76 272 129 240  33   3  0    3  93 272 344  76 129 240 -179 179 1.3245 
  5   1  19   1   1   1  2  0 2.25  27 241 325 61 274 203  18   3  5    5 283 203 241 325  61 274  80  80 1.7321 
  5   1  19   1   1   1  1  0 1.00  28 267 345 157 130 109 174   2  0    2 319 345 267 157 130 109 -26  26 1.6074 
  5   1  19   1   1   1  1  0 1.00  29 151 33 108 360 79 216   4  0    4   9 360 151  33 108  79   9   9 1.8082 
  5   1  19   1   1   1  2  0 2.25  30  11 95 231 248 275 107   4  1    1  70  11  95 231 248 275  59  59 1.9800 
  5   1  19   1   1   1  2  0 2.25  31 230 208 229 68 155  91   1  2    2 212 208 230 229  68 155   4   4 2.0161 
  5   1  19   1   1   1  2  0 2.25  32 326 308 182 23 59  54   4  2    2  16 308 326 182  23  59  68  68 2.5309 
  5   1  19   1   1   1  1  0 1.00  33 135 75 344 94 230  24   3  0    3 351 344 135  75  94 230   7   7 1.7653 
  5   1  19   1   1   1  2  0 2.25  34 329 170 169 92 304 139   1  5    5 296 304 329 170 169  92  -8   8 3.2105 
  5   1  19   1   1   1  2  0 2.25  35 298 13 226 223 233 307   1  3    3 287 226 298  13 223 233  61  61 2.6606 
  5   1  19   1   1   1  1  0 1.00  36  61 51 60 336 261 283   4  0    4 295 336  61  51  60 261 -41  41 2.6502 
  5   1  19   1   1   1  2  0 2.25  37 237 242 289 44 225 103   4  2    2 272 242 237 289  44 225  30  30 1.8910 
  5   1  19   1   1   1  2  0 2.25  38 227 241 51 112 149 346   1  3    3 329  51 227 241 112 149 -82  82 1.3873 
  5   1  19   1   1   1  2  0 2.25  39 262 11 136 51 169  21   4  3    3   8 136 262  11  51 169 -128 128 2.1442 
  5   1  19   1   1   1  1  0 1.00  40 160 136  1 301 359  37   1  0    1 262 160 136   1 301 359 102 102 1.3390 
  5   1  19   1   1   1  1  0 1.00  41 259 77 218 348 212 197   5  0    5 326 212 259  77 218 348 114 114 1.6787 
  5   1  19   1   1   1  2  0 2.25  42  12 43 174 194 161 192   2  5    5 192 161  12  43 174 194  31  31 1.3200 
  5   1  19   1   1   1  1  0 1.00  43 128 77 259 233 357 185   2  0    2  59  77 128 259 233 357 -18  18 2.0043 
  5   1  19   1   1   1  1  0 1.00  44 254 166 14 144 158 179   5  0    5 164 158 254 166  14 144   6   6 1.9806 
  5   1  19   1   1   1  2  0 2.25  45 190 357 136 16 90 293   1  4    4 228  16 190 357 136  90 -148 148 2.4569 
  5   1  19   1   1   1  2  0 2.25  46  16 145 240 250 65  82   4  2    2 181 145  16 240 250  65  36  36 2.4819 
  5   1  19   1   1   1  2  0 2.25  47 213 187 339 279 167 341   3  2    2  64 187 213 339 279 167 -123 123 2.1615 
  5   1  19   1   1   1  2  0 2.25  48 138 94 105 237 350 193   3  2    2  51  94 138 105 237 350 -43  43 2.2389 
  5   1  19   1   1   1  1  0 1.00  49  20 82 346 33 125 338   5  0    5 172 125  20  82 346  33  47  47 1.6456 
  5   1  19   1   1   1  1  0 1.00  50 179 239 108 150 77 294   1  0    1 234 179 239 108 150  77  55  55 1.6443 
  5   1  19   1   1   1  1  0 1.00  51 165 16 238 234 63 260   4  0    4 229 234 165  16 238  63  -5   5 2.8130 
  5   1  19   1   1   1  1  0 1.00  52 357 44 55 258 321 287   2  0    2  69  44 357  55 258 321  25  25 1.7645 
  5   1  19   1   1   1  1  0 1.00  53 147 20 342 346 308  36   2  0    2  67  20 147 342 346 308  47  47 2.0784 
  5   1  19   1   1   1  1  0 1.00  54  32 219 252 173 156 104   1  0    1  12  32 219 252 173 156 -20  20 2.7159 
  5   1  19   1   1   1  2  0 2.25  55 131  1 282 208 246  47   1  5    5 265 246 131   1 282 208  19  19 1.4420 
  5   1  19   1   1   1  2  0 2.25  56 210 247 192 262 157 311   1  3    3 153 192 210 247 262 157 -39  39 3.3168 
  5   1  19   1   1   1  1  0 1.00  57 161 352 102 144 105 141   5  0    5 144 105 161 352 102 144  39  39 1.5429 
  5   1  19   1   1   1  1  0 1.00  58 297 42  6 281 302  64   5  0    5 277 302 297  42   6 281 -25  25 1.6185 
  5   1  19   1   1   1  1  0 1.00  59 208 320 229 277 312 221   5  0    5 287 312 208 320 229 277 -25  25 2.4345 
  5   1  19   1   1   1  1  0 1.00  60 112 47 31 17 165  48   1  0    1 107 112  47  31  17 165  -5   5 1.9770 
  5   1  19   1   1   1  2  0 2.25  61 205 72 239 319 187  67   2  5    5 177 187 205  72 239 319 -10  10 1.5419 
  5   1  19   1   1   1  2  0 2.25  62  96 87 351 37 131  16   1  3    3  12 351  96  87  37 131  21  21 1.9246 
  5   1  19   1   1   1  2  0 2.25  63 294 89 347 67 266 200   3  4    4  82  67 294  89 347 266  15  15 1.6995 
  5   1  19   1   1   1  2  0 2.25  64  96 235 320 246 303 204   4  2    2 233 235  96 320 246 303  -2   2 2.1234 
  5   1  19   1   1   1  2  0 2.25  65  21 134 236 82 96   7   5  1    1  38  21 134 236  82  96  17  17 2.0181 
  5   1  19   1   1   1  1  0 1.00  66 256 102 24 250 248 234   3  0    3  29  24 256 102 250 248   5   5 2.2098 
  5   1  19   1   1   1  2  0 2.25  67 200 107 325 70 294 327   5  2    2 103 107 200 325  70 294  -4   4 1.8370 
  5   1  19   1   1   1  2  0 2.25  68  52 220 230 127 260 121   5  4    4 199 127  52 220 230 260  72  72 2.1114 
  5   1  19   1   1   1  1  0 1.00  69  84 65 55 115 138 153   4  0    4  81 115  84  65  55 138 -34  34 2.2196 
  5   1  19   1   1   1  1  0 1.00  70 143 234 98 280 215 235   4  0    4 272 280 143 234  98 215  -8   8 2.4910 
  5   1  19   1   1   1  1  0 1.00  71  98 260 334  6 323 240   3  0    3 317 334  98 260   6 323 -17  17 1.8394 
  5   1  19   1   1   1  2  0 2.25  72  36 209 332 207 22 267   5  4    4 206 207  36 209 332  22  -1   1 1.6498 
  5   1  19   1   1   1  2  0 2.25  73  58 272 353 205 246 246   5  1    1  83  58 272 353 205 246  25  25 1.4277 
  5   1  19   1   1   1  2  0 2.25  74 181 119 242 94 143  22   1  4    4 336  94 181 119 242 143 -118 118 1.4633 
  5   1  19   1   1   1  1  0 1.00  75  47  6 247 73 297 217   4  0    4  63  73  47   6 247 297 -10  10 1.4055 
  5   1  19   1   1   1  1  0 1.00  76  51 153 264 203 271 340   3  0    3 313 264  51 153 203 271  49  49 2.3487 
  5   1  19   1   1   1  1  0 1.00  77 103 89 201 152 352 156   3  0    3 204 201 103  89 152 352   3   3 1.2226 
  5   1  19   1   1   1  1  0 1.00  78 100 11 295 60 64  18   5  0    5  74  64 100  11 295  60  10  10 1.7991 
  5   1  19   1   1   1  1  0 1.00  79 350 165 286 280 123 101   4  0    4 289 280 350 165 286 123   9   9 3.2556 
  5   1  19   1   1   1  2  0 2.25  80 269 164 315 236 162 287   5  3    3  95 315 269 164 236 162 140 140 1.8477 
  5   1  19   1   1   1  2  0 2.25  81  72 15 176 20 154 237   1  5    5 186 154  72  15 176  20  32  32 2.3694 
  5   1  19   1   1   1  1  0 1.00  82  67 214 142 74 306 304   1  0    1  80  67 214 142  74 306  13  13 2.1547 
  5   1  19   1   1   1  1  0 1.00  83 239 203 326 19 89 161   4  0    4  12  19 239 203 326  89  -7   7 1.4688 
  5   1  19   1   1   1  2  0 2.25  84 190 80 314 108 341 186   1  3    3 303 314 190  80 108 341 -11  11 2.0783 
  5   1  19   1   1   1  1  0 1.00  85 128 208 298 102 137 123   2  0    2 209 208 128 298 102 137   1   1 2.2758 
  5   1  19   1   1   1  1  0 1.00  86 120 317 94 104 145 130   2  0    2 288 317 120  94 104 145 -29  29 1.3212 
  5   1  19   1   1   1  2  0 2.25  87 352 40  6 151 93 293   2  4    4 161 151 352  40   6  93  10  10 1.0888 
  5   1  19   1   1   1  1  0 1.00  88  85 61 136 314 251  49   1  0    1  72  85  61 136 314 251 -13  13 1.4548 
  5   1  19   1   1   1  1  0 1.00  89   7 84 107 155  8 321   3  0    3  84 107   7  84 155   8 -23  23 1.5657 
  5   1  19   1   1   1  2  0 2.25  90  57 104 11 144 179  54   4  2    2  67 104  57  11 144 179 -37  37 2.0190 
  5   1  19   1   1   1  1  0 1.00  91 319 56 160 153 125 295   3  0    3 167 160 319  56 153 125   7   7 1.6987 
  5   1  19   1   1   1  2  0 2.25  92   4 44 157 348 91 214   1  3    3 162 157   4  44 348  91   5   5 3.3864 
  5   1  19   1   1   1  1  0 1.00  93 184 356 222 11 219 342   1  0    1 185 184 356 222  11 219   1   1 1.6339 
  5   1  19   1   1   1  1  0 1.00  94 319 109 13 126 36 151   1  0    1 293 319 109  13 126  36 -26  26 2.5693 
  5   1  19   1   1   1  1  0 1.00  95 167 105 351 251 144  66   3  0    3 300 351 167 105 251 144 -51  51 1.8903 
  5   1  19   1   1   1  2  0 2.25  96  24 357 232 76 80  25   2  4    4  68  76  24 357 232  80  -8   8 1.9706 
  5   1  19   1   1   1  1  0 1.00  97  96 58 76 65 53 236   2  0    2  76  58  96  76  65  53  18  18 2.2843 
  5   1  19   1   1   1  2  0 2.25  98 193 297 10  8 233 258   3  2    2 284 297 193  10   8 233 -13  13 2.1722 
  5   1  19   1   1   1  1  0 1.00  99 200 124 325 96 122 298   4  0    4  95  96 200 124 325 122  -1   1 1.6456 
  5   1  19   1   1   1  2  0 2.25 100   4 60 181 192 312 212   5  4    4 203 192   4  60 181 312  11  11 3.1995 
  5   1  19   1   0   0  0  1 1.00   1 182 265 135 166  1 173   0  0    3 197 135 182 265 166   1  62  62 4.8170 
  5   1  19   1   0   0  0  2 2.25   2 293 331 265 271 106  76   0  0    2 347 331 293 265 271 106  16  16 2.5828 
  5   1  19   1   0   0  0  2 2.25   3 193 224 53 360 96  21   0  0    3  76  53 193 224 360  96  23  23 3.1365 
  5   1  19   1   0   0  0  1 1.00   4 281 118 152 89 129 262   0  0    4  91  89 281 118 152 129   2   2 3.1590 
  5   1  19   1   1   0  0  1 1.00   1 251 93 36  7 331 210   0  0    3  75  36 251  93   7 331  39  39 3.9718 
  5   1  19   1   1   0  0  2 2.25   2  44 100 266 229 304 238   0  0    2  97 100  44 266 229 304  -3   3 2.6045 
  5   1  19   1   1   0  0  2 2.25   3 155 190 71 299 36 197   0  0    2 153 190 155  71 299  36 -37  37 2.7016 
  5   1  19   1   1   0  0  2 2.25   4 270 158 134 277 214 236   0  0    3 179 134 270 158 277 214  45  45 2.4825 
  5   1  19   1   1   0  0  1 1.00   5  21 305 233 79 98 246   0  0    4  92  79  21 305 233  98  13  13 2.6197 
  5   1  19   1   1   0  0  1 1.00   6 121 42 296 241 349 278   0  0    4 105 241 121  42 296 349 -136 136 3.1674 
  5   1  19   1   1   0  0  2 2.25   7 139 325 250 305 46 108   0  0    2 302 325 139 250 305  46 -23  23 1.9851 
  5   1  19   1   1   0  0  1 1.00   8 279 347 72 286 175 348   0  0    1 272 279 347  72 286 175  -7   7 2.1989 
  5   1  19   1   1   0  0  2 2.25   9   1 134 204 108 51  44   0  0    5  79  51   1 134 204 108  28  28 3.2563 
  5   1  19   1   1   0  0  2 2.25  10  10 194 18 264 53  16   0  0    5 187  53  10 194  18 264 134 134 1.9106 
  5   1  19   1   1   0  0  1 1.00  11 279 227 158 247 203 167   0  0    2 142 227 279 158 247 203 -85  85 2.1038 
  5   1  19   1   1   0  0  1 1.00  12 295 13 68 124 261 221   0  0    5  80 261 295  13  68 124 179 179 2.0168 
  5   1  19   1   1   0  0  2 2.25  13  62 224 227 306 187 167   0  0    2 133 224  62 227 306 187 -91  91 1.9378 
  5   1  19   1   1   0  0  2 2.25  14 270 94 251 330 128  52   0  0    4 177 330 270  94 251 128 -153 153 3.2621 
  5   1  19   1   1   0  0  1 1.00  15 225 307 355 187 51 168   0  0    2 329 307 225 355 187  51  22  22 2.2718 
  5   1  19   1   1   0  0  2 2.25  16 204  6 305 66 120 242   0  0    3 284 305 204   6  66 120 -21  21 2.8225 
  5   1  19   1   1   0  0  1 1.00  17 142 94  8 93 310 155   0  0    3 351   8 142  94  93 310 -17  17 2.2661 
  5   1  19   1   1   0  0  1 1.00  18 214 336 188 332 178 202   0  0    1 149 214 336 188 332 178 -65  65 2.7962 
  5   1  19   1   1   0  0  1 1.00  19 255 298 34 72 195 286   0  0    3  74  34 255 298  72 195  40  40 2.7530 
  5   1  19   1   1   0  0  2 2.25  20 220 326 84 96 162 218   0  0    3  54  84 220 326  96 162 -30  30 2.2279 
  5   1  19   1   1   0  0  2 2.25  21  23 111 144 131 340 355   0  0    3 170 144  23 111 131 340  26  26 1.7406 
  5   1  19   1   1   0  0  2 2.25  22 291 35 32 116 288 195   0  0    4  69 116 291  35  32 288 -47  47 2.6173 
  5   1  19   1   1   0  0  2 2.25  23 174 244 247 191 44 172   0  0    4 133 191 174 244 247  44 -58  58 2.3296 
  5   1  19   1   1   0  0  2 2.25  24 272 311 234 331 22 222   0  0    5  38  22 272 311 234 331  16  16 2.1576 
  5   1  19   1   1   0  0  1 1.00  25 147 201 259 190 347 103   0  0    4 181 190 147 201 259 347  -9   9 4.6125 
  5   1  19   1   1   0  0  2 2.25  26 329 158 293 26 303 276   0  0    3 184 293 329 158  26 303 -109 109 2.0513 
  5   1  19   1   1   0  0  1 1.00  27 133 286 153 88 19 182   0  0    5   4  19 133 286 153  88 -15  15 2.4543 
  5   1  19   1   1   0  0  2 2.25  28 131 181 353 27 18 359   0  0    1 165 131 181 353  27  18  34  34 4.3894 
  5   1  19   1   1   0  0  2 2.25  29  35 299 69 346  7 178   0  0    4  32 346  35 299  69   7  46  46 4.4851 
  5   1  19   1   1   0  0  2 2.25  30  47 161 58 174 87 144   0  0    4 183 174  47 161  58  87   9   9 2.0486 
  5   1  19   1   1   0  0  2 2.25  31 149 225 179 43 280 178   0  0    3  48 179 149 225  43 280 -131 131 1.6083 
  5   1  19   1   1   0  0  1 1.00  32 107 175 189 207 173 352   0  0    2 200 175 107 189 207 173  25  25 1.8698 
  5   1  19   1   1   0  0  2 2.25  33 151 255 235 157 98 138   0  0    4 189 157 151 255 235  98  32  32 2.5329 
  5   1  19   1   1   0  0  2 2.25  34 324 88 177 229 145 221   0  0    2 184  88 324 177 229 145  96  96 1.6327 
  5   1  19   1   1   0  0  1 1.00  35  45 71 207 292 322  75   0  0    5 304 322  45  71 207 292 -18  18 2.3729 
  5   1  19   1   1   0  0  1 1.00  36  60 260 326 128 256 110   0  0    1   4  60 260 326 128 256 -56  56 3.9228 
  5   1  19   1   1   0  0  1 1.00  37 233 228  3 187 189   2   0  0    4 165 187 233 228   3 189 -22  22 3.4571 
  5   1  19   1   1   0  0  2 2.25  38 182 274 120 217 330  90   0  0    2 278 274 182 120 217 330   4   4 1.9672 
  5   1  19   1   1   0  0  1 1.00  39 275 84 306 214 336 354   0  0    2  93  84 275 306 214 336   9   9 2.5256 
  5   1  19   1   1   0  0  2 2.25  40 336 280 72 111 244 142   0  0    1 345 336 280  72 111 244   9   9 1.9542 
  5   1  19   1   1   0  0  1 1.00  41 312 231 208 305 276 236   0  0    1 305 312 231 208 305 276  -7   7 2.1532 
  5   1  19   1   1   0  0  2 2.25  42 160 103 48 91 76 349   0  0    4  78  91 160 103  48  76 -13  13 2.1967 
  5   1  19   1   1   0  0  1 1.00  43  39 175 207 346 96 290   0  0    2 182 175  39 207 346  96   7   7 2.2416 
  5   1  19   1   1   0  0  2 2.25  44 211 78 54 104 324  99   0  0    2  78  78 211  54 104 324   0   0 2.6176 
  5   1  19   1   1   0  0  2 2.25  45 181 157 275 311 16 203   0  0    4  25 311 181 157 275  16  74  74 2.0099 
  5   1  19   1   1   0  0  1 1.00  46  67 271 172 47 194  52   0  0    3  65 172  67 271  47 194 -107 107 1.9511 
  5   1  19   1   1   0  0  1 1.00  47 127 355 99 262 170 330   0  0    4 250 262 127 355  99 170 -12  12 2.0862 
  5   1  19   1   1   0  0  2 2.25  48  28 206 84 26 284   8   0  0    4  50  26  28 206  84 284  24  24 2.3085 
  5   1  19   1   1   0  0  2 2.25  49 116 47 174 120 307 100   0  0    2  35  47 116 174 120 307 -12  12 1.9538 
  5   1  19   1   1   0  0  2 2.25  50  55 96 162 278 11 145   0  0    1  15  55  96 162 278  11 -40  40 1.8216 
  5   1  19   1   1   0  0  1 1.00  51 344 313 28 35 284 327   0  0    5 287 284 344 313  28  35   3   3 1.8680 
  5   1  19   1   1   0  0  2 2.25  52 335 226 289 135 341  71   0  0    3 297 289 335 226 135 341   8   8 2.2911 
  5   1  19   1   1   0  0  1 1.00  53 116 266 41 229 220 112   0  0    3 256  41 116 266 229 220 -145 145 2.3966 
  5   1  19   1   1   0  0  1 1.00  54 353 330 157 343 296 340   0  0    5 302 296 353 330 157 343   6   6 2.4733 
  5   1  19   1   1   0  0  1 1.00  55  49 326 181 26 46  10   0  0    3 174 181  49 326  26  46  -7   7 2.5071 
  5   1  19   1   1   0  0  1 1.00  56 280 302 357 195 194 341   0  0    1 194 280 302 357 195 194 -86  86 1.9876 
  5   1  19   1   1   0  0  1 1.00  57 238 318 242 323 227 117   0  0    3 313 242 238 318 323 227  71  71 3.2654 
  5   1  19   1   1   0  0  2 2.25  58 326 321 322 198 197 334   0  0    2 321 321 326 322 198 197   0   0 2.3991 
  5   1  19   1   1   0  0  2 2.25  59 220 53 29 101 190 270   0  0    1 166 220  53  29 101 190 -54  54 2.0883 
  5   1  19   1   1   0  0  1 1.00  60 251 232 106 327 303 271   0  0    3 219 106 251 232 327 303 113 113 3.4659 
  5   1  19   1   1   0  0  1 1.00  61  64 312 281 335 285 281   0  0    4 327 335  64 312 281 285  -8   8 1.6267 
  5   1  19   1   1   0  0  1 1.00  62  79 142 320 200 241 347   0  0    2 152 142  79 320 200 241  10  10 2.9275 
  5   1  19   1   1   0  0  1 1.00  63  42 318 160 227 357 322   0  0    5 147 357  42 318 160 227 150 150 2.3269 
  5   1  19   1   1   0  0  2 2.25  64  24 180 20 109 138 202   0  0    4  28 109  24 180  20 138 -81  81 2.4596 
  5   1  19   1   1   0  0  1 1.00  65 261 358 304 293 149  95   0  0    3 319 304 261 358 293 149  15  15 3.0621 
  5   1  19   1   1   0  0  2 2.25  66 170 22 340 107 326 258   0  0    4  98 107 170  22 340 326  -9   9 2.2686 
  5   1  19   1   1   0  0  1 1.00  67 360 89 133 212 187 357   0  0    1 291 360  89 133 212 187 -69  69 2.8307 
  5   1  19   1   1   0  0  2 2.25  68  43 32 30 210 204 299   0  0    5 209 204  43  32  30 210   5   5 1.5501 
  5   1  19   1   1   0  0  2 2.25  69 177 349 346 290 304 251   0  0    1 201 177 349 346 290 304  24  24 1.9143 
  5   1  19   1   1   0  0  1 1.00  70 190 46 23 151 259  38   0  0    1 197 190  46  23 151 259   7   7 2.2669 
  5   1  19   1   1   0  0  1 1.00  71 161 183 186 40 154 182   0  0    5 199 154 161 183 186  40  45  45 2.2929 
  5   1  19   1   1   0  0  1 1.00  72 300 247 188 96 107 306   0  0    2 201 247 300 188  96 107 -46  46 2.2624 
  5   1  19   1   1   0  0  1 1.00  73  80 175 79 240 289  95   0  0    3 215  79  80 175 240 289 136 136 2.1212 
  5   1  19   1   1   0  0  1 1.00  74 157 34 287 340 135 299   0  0    5 110 135 157  34 287 340 -25  25 1.9855 
  5   1  19   1   1   0  0  1 1.00  75 149 84 159 119 215  98   0  0    5 252 215 149  84 159 119  37  37 1.4393 
  5   1  19   1   1   0  0  1 1.00  76 203 105 248 242 85 307   0  0    4 240 242 203 105 248  85  -2   2 2.3041 
  5   1  19   1   1   0  0  2 2.25  77  10 217 81 306 59   9   0  0    3  98  81  10 217 306  59  17  17 1.9095 
  5   1  19   1   1   0  0  1 1.00  78 111 141 185  3 265 263   0  0    1  98 111 141 185   3 265 -13  13 1.7666 
  5   1  19   1   1   0  0  2 2.25  79  56 81 284 74 230 303   0  0    2  89  81  56 284  74 230   8   8 2.2899 
  5   1  19   1   1   0  0  2 2.25  80 268 46 320 291 42 215   0  0    2 275  46 268 320 291  42 -131 131 2.5519 
  5   1  19   1   1   0  0  2 2.25  81 189 222 212 336 343  78   0  0    3 231 212 189 222 336 343  19  19 2.3389 
  5   1  19   1   1   0  0  2 2.25  82 282 137 69 19 355 143   0  0    4  83  19 282 137  69 355  64  64 2.5349 
  5   1  19   1   1   0  0  1 1.00  83  28 274 58 358 13 336   0  0    1  69  28 274  58 358  13  41  41 2.2461 
  5   1  19   1   1   0  0  1 1.00  84 173 342 322 33 86 244   0  0    5  74  86 173 342 322  33 -12  12 1.7370 
  5   1  19   1   1   0  0  1 1.00  85  69 292 188 70 266 270   0  0    5 258 266  69 292 188  70  -8   8 1.8969 
  5   1  19   1   1   0  0  2 2.25  86 111 188 182 325 58 261   0  0    2 155 188 111 182 325  58 -33  33 1.9267 
  5   1  19   1   1   0  0  2 2.25  87  35 33 41 82 289 198   0  0    2  52  33  35  41  82 289  19  19 3.7878 
  5   1  19   1   1   0  0  1 1.00  88 311 193 331 48 37 284   0  0    5  45  37 311 193 331  48   8   8 2.1516 
  5   1  19   1   1   0  0  2 2.25  89 155 293 89 110 300 246   0  0    5 295 300 155 293  89 110  -5   5 2.6351 
  5   1  19   1   1   0  0  2 2.25  90 161 186 242 140 20  99   0  0    4 327 140 161 186 242  20 -173 173 2.4907 
  5   1  19   1   1   0  0  2 2.25  91 293 49 142 110 309 193   0  0    3 205 142 293  49 110 309  63  63 2.8645 
  5   1  19   1   1   0  0  1 1.00  92  79 199 211 60 299 357   0  0    3  87 211  79 199  60 299 -124 124 1.8180 
  5   1  19   1   1   0  0  1 1.00  93 331 170 286 10 22 240   0  0    3  61 286 331 170  10  22 135 135 1.6386 
  5   1  19   1   1   0  0  2 2.25  94 139 120 255 62 266 264   0  0    4  95  62 139 120 255 266  33  33 1.4953 
  5   1  19   1   1   0  0  2 2.25  95 209 256 216 100 283  86   0  0    3 209 216 209 256 100 283  -7   7 2.4615 
  5   1  19   1   1   0  0  1 1.00  96  32 306 33 82 159  39   0  0    2 310 306  32  33  82 159   4   4 1.9522 
  5   1  19   1   1   0  0  1 1.00  97 252 221 105 156 297 211   0  0    3 225 105 252 221 156 297 120 120 1.8153 
  5   1  19   1   1   0  0  2 2.25  98 163 207 182 61 192 252   0  0    5 198 192 163 207 182  61   6   6 2.3285 
  5   1  19   1   1   0  0  1 1.00  99 356 87 139 106 359  66   0  0    3 201 139 356  87 106 359  62  62 2.4566 
  5   1  19   1   1   0  0  2 2.25 100  56 193 122 18 214 342   0  0    4 195  18  56 193 122 214 177 177 2.2237 
