  7   1  19   1   0   1  2  0 2.25   1  78 35 185 345 250  81   4  2    2  56  35  78 185 345 250  21  21 6.8063 
  7   1  19   1   0   1  2  0 2.25   2 175 184 89 132 272 326   2  3    3  75  89 175 184 132 272 -14  14 4.7637 
  7   1  19   1   0   1  1  0 1.00   3 125 91 159 71 243 197   2  0    2  85  91 125 159  71 243  -6   6 4.0348 
  7   1  19   1   0   1  1  0 1.00   4 332 218 85 25 210 290   1  0    1 332 332 218  85  25 210   0   0 6.5994 
  7   1  19   1   1   1  2  0 2.25   1  16 170 113 97 247 349   2  4    4 101  97  16 170 113 247   4   4 12.9101 
  7   1  19   1   1   1  2  0 2.25   2 346 89 182 180 147  43   2  1    1 331 346  89 182 180 147 -15  15 8.0574 
  7   1  19   1   1   1  1  0 1.00   3 317  5 40 12 340 219   3  0    3  67  40 317   5  12 340  27  27 8.4008 
  7   1  19   1   1   1  1  0 1.00   4 115 296 220 143 323  30   3  0    3 230 220 115 296 143 323  10  10 11.4664 
  7   1  19   1   1   1  2  0 2.25   5  84 282 93 69  3 253   5  3    3  89  93  84 282  69   3  -4   4 15.6571 
  7   1  19   1   1   1  2  0 2.25   6 335 246 166 147 319 229   5  2    2 258 246 335 166 147 319  12  12 9.9879 
  7   1  19   1   1   1  1  0 1.00   7 303 158 329 251 246 178   4  0    4 274 251 303 158 329 246  23  23 7.6605 
  7   1  19   1   1   1  2  0 2.25   8 262 57 38 241 239 251   5  1    1 280 262  57  38 241 239  18  18 5.3357 
  7   1  19   1   1   1  1  0 1.00   9 246 290 95 71 24 200   4  0    4  82  71 246 290  95  24  11  11 6.2868 
  7   1  19   1   1   1  2  0 2.25  10 148 36 47 322 22 183   5  2    2  55  36 148  47 322  22  19  19 6.4581 
  7   1  19   1   1   1  2  0 2.25  11  39 10 16 21 217 259   5  2    2  30  10  39  16  21 217  20  20 10.1984 
  7   1  19   1   1   1  1  0 1.00  12 193 46 153 142 359 331   4  0    4 121 142 193  46 153 359 -21  21 13.1501 
  7   1  19   1   1   1  1  0 1.00  13 189 304 347 221 74 103   1  0    1 192 189 304 347 221  74   3   3 9.2844 
  7   1  19   1   1   1  1  0 1.00  14 113 331 72 227 80 237   4  0    4 222 227 113 331  72  80  -5   5 6.4419 
  7   1  19   1   1   1  2  0 2.25  15  28 312 175  9 11 336   2  3    3 196 175  28 312   9  11  21  21 4.7591 
  7   1  19   1   1   1  1  0 1.00  16 132 142 269 247 236 291   4  0    4 216 247 132 142 269 236 -31  31 8.8461 
  7   1  19   1   1   1  1  0 1.00  17  36 194 269 75 334  74   4  0    4  89  75  36 194 269 334  14  14 8.1733 
  7   1  19   1   1   1  1  0 1.00  18 213 102  3 262 63 323   1  0    1 195 213 102   3 262  63 -18  18 5.7440 
  7   1  19   1   1   1  1  0 1.00  19 154 279 229 65 299  54   1  0    1 170 154 279 229  65 299  16  16 8.0387 
  7   1  19   1   1   1  1  0 1.00  20 348 40 58 247 346  13   2  0    2  74  40 348  58 247 346  34  34 8.2547 
  7   1  19   1   1   1  1  0 1.00  21 121 10 345 236 194 319   1  0    1 105 121  10 345 236 194 -16  16 14.7578 
  7   1  19   1   1   1  1  0 1.00  22  85 40 324 81 69 228   3  0    3 335 324  85  40  81  69  11  11 7.4264 
  7   1  19   1   1   1  2  0 2.25  23 256 201 345 92 34 312   1  3    3  13 345 256 201  92  34  28  28 4.4071 
  7   1  19   1   1   1  2  0 2.25  24  85 28 228 268 156 292   1  5    5 131 156  85  28 228 268 -25  25 5.1519 
  7   1  19   1   1   1  2  0 2.25  25 238 324 175 29 240 100   4  5    5 230 240 238 324 175  29 -10  10 8.0817 
  7   1  19   1   1   1  2  0 2.25  26 321 158 276 124 357 148   5  3    3 260 276 321 158 124 357 -16  16 6.1635 
  7   1  19   1   1   1  2  0 2.25  27 261 115 327 246 275 358   1  4    4 262 246 261 115 327 275  16  16 13.4281 
  7   1  19   1   1   1  1  0 1.00  28  63 38 238 277 14  88   3  0    3 237 238  63  38 277  14  -1   1 7.4549 
  7   1  19   1   1   1  2  0 2.25  29 266 233 198 189 353  34   4  5    5 338 353 266 233 198 189 -15  15 5.3143 
  7   1  19   1   1   1  1  0 1.00  30 185 134 193 182 240   5   5  0    5 244 240 185 134 193 182   4   4 9.2267 
  7   1  19   1   1   1  2  0 2.25  31 283 102 82  5 236  60   5  1    1 251 283 102  82   5 236 -32  32 7.7893 
  7   1  19   1   1   1  2  0 2.25  32 130 205 277 74 350 155   5  2    2 208 205 130 277  74 350   3   3 6.0510 
  7   1  19   1   1   1  2  0 2.25  33 106 229 127 118 255  16   5  2    2 231 229 106 127 118 255   2   2 3.9999 
  7   1  19   1   1   1  2  0 2.25  34   2 262 248 26 267 359   3  4    4 357  26   2 262 248 267 -29  29 5.1691 
  7   1  19   1   1   1  1  0 1.00  35 359 160 260 45 289 328   2  0    2 187 160 359 260  45 289  27  27 8.5030 
  7   1  19   1   1   1  1  0 1.00  36 324 311 323 278 173 348   1  0    1 300 324 311 323 278 173 -24  24 6.2760 
  7   1  19   1   1   1  2  0 2.25  37 280 269 146 35 302 245   2  3    3 179 146 280 269  35 302  33  33 7.2000 
  7   1  19   1   1   1  1  0 1.00  38 118 85 184 159 287  42   2  0    2  97  85 118 184 159 287  12  12 6.8110 
  7   1  19   1   1   1  2  0 2.25  39 301 268 229 85 325 102   3  1    1 300 301 268 229  85 325  -1   1 5.9851 
  7   1  19   1   1   1  2  0 2.25  40 224 100 47 337 353 245   2  1    1 218 224 100  47 337 353  -6   6 4.2727 
  7   1  19   1   1   1  1  0 1.00  41 269 343 254 17 307  27   3  0    3 260 254 269 343  17 307   6   6 5.9797 
  7   1  19   1   1   1  1  0 1.00  42 248 118 234 270 262  33   3  0    3 246 234 248 118 270 262  12  12 5.8489 
  7   1  19   1   1   1  1  0 1.00  43 136 50 19 102 124 235   3  0    3 354  19 136  50 102 124 -25  25 8.0434 
  7   1  19   1   1   1  2  0 2.25  44 170 187 344 17 220  45   2  4    4 357  17 170 187 344 220 -20  20 4.8548 
  7   1  19   1   1   1  1  0 1.00  45  33 122 353 265 59 237   2  0    2 193 122  33 353 265  59  71  71 7.1697 
  7   1  19   1   1   1  2  0 2.25  46  98 211 72 54 161  98   3  5    5 178 161  98 211  72  54  17  17 5.9848 
  7   1  19   1   1   1  2  0 2.25  47 169 65 10 13 66 126   5  1    1 171 169  65  10  13  66   2   2 4.4404 
  7   1  19   1   1   1  1  0 1.00  48  80 240  1 186 310 116   2  0    2 262 240  80   1 186 310  22  22 8.1486 
  7   1  19   1   1   1  1  0 1.00  49 224 48 241 123 130 196   5  0    5 141 130 224  48 241 123  11  11 7.2565 
  7   1  19   1   1   1  1  0 1.00  50 306 319 47 85 45  50   5  0    5  92  45 306 319  47  85  47  47 7.7048 
  7   1  19   1   1   1  1  0 1.00  51 245 179 350 327 241 141   4  0    4 307 327 245 179 350 241 -20  20 6.5077 
  7   1  19   1   1   1  2  0 2.25  52  65 270 28 359 197 207   5  2    2 263 270  65  28 359 197  -7   7 5.9260 
  7   1  19   1   1   1  2  0 2.25  53 246 81 237 285 134  75   3  5    5 192 134 246  81 237 285  58  58 5.6884 
  7   1  19   1   1   1  2  0 2.25  54 315 167 276 138 160 199   5  2    2 169 167 315 276 138 160   2   2 7.8283 
  7   1  19   1   1   1  1  0 1.00  55 187 297 97 115 132 349   4  0    4 129 115 187 297  97 132  14  14 8.1894 
  7   1  19   1   1   1  1  0 1.00  56 288 354 246 253 263 140   5  0    5 260 263 288 354 246 253  -3   3 5.6955 
  7   1  19   1   1   1  2  0 2.25  57 208 218 116 204 61 131   1  4    4 205 204 208 218 116  61   1   1 5.8033 
  7   1  19   1   1   1  2  0 2.25  58 350 112 93  9 22 130   2  5    5 356  22 350 112  93   9 -26  26 3.6185 
  7   1  19   1   1   1  2  0 2.25  59 114 303 64 350 185  20   5  3    3 115  64 114 303 350 185  51  51 5.6435 
  7   1  19   1   1   1  1  0 1.00  60  82 60 186 271 29  64   2  0    2  16  60  82 186 271  29 -44  44 5.4463 
  7   1  19   1   1   1  2  0 2.25  61  25 205 166 196 75 256   5  3    3  95 166  25 205 196  75 -71  71 5.0686 
  7   1  19   1   1   1  2  0 2.25  62 252 242 281 80 62 279   3  5    5  87  62 252 242 281  80  25  25 3.3539 
  7   1  19   1   1   1  2  0 2.25  63 195 73 360 25 15  40   2  4    4  11  25 195  73 360  15 -14  14 6.7499 
  7   1  19   1   1   1  2  0 2.25  64  98 292 21 296 60  19   3  4    4 303 296  98 292  21  60   7   7 4.9666 
  7   1  19   1   1   1  1  0 1.00  65 234 45 187 139 182  81   1  0    1   5 234  45 187 139 182 131 131 9.3407 
  7   1  19   1   1   1  2  0 2.25  66  58 289 271 184 325   4   1  5    5 316 325  58 289 271 184  -9   9 6.1147 
  7   1  19   1   1   1  1  0 1.00  67 276 187 313 172  1 147   1  0    1 293 276 187 313 172   1  17  17 7.4662 
  7   1  19   1   1   1  1  0 1.00  68 348 82 272 16  6  78   5  0    5 340   6 348  82 272  16 -26  26 6.6663 
  7   1  19   1   1   1  1  0 1.00  69 110 165 262 37 245 131   3  0    3 260 262 110 165  37 245  -2   2 4.8514 
  7   1  19   1   1   1  2  0 2.25  70 180  6 73 128 254 167   1  4    4 108 128 180   6  73 254 -20  20 7.2576 
  7   1  19   1   1   1  1  0 1.00  71 120 90 251 111  8 348   4  0    4 114 111 120  90 251   8   3   3 4.3541 
  7   1  19   1   1   1  2  0 2.25  72  47 75 214 190 33 287   5  1    1  97  47  75 214 190  33  50  50 6.7407 
  7   1  19   1   1   1  2  0 2.25  73 125 334 70 111 252 276   3  1    1 160 125 334  70 111 252  35  35 5.3015 
  7   1  19   1   1   1  1  0 1.00  74 315 278 183 82 242 305   2  0    2 258 278 315 183  82 242 -20  20 4.4541 
  7   1  19   1   1   1  1  0 1.00  75 345 154 157 52 325 258   5  0    5 320 325 345 154 157  52  -5   5 5.2815 
  7   1  19   1   1   1  1  0 1.00  76 187 274 59 232 15  70   2  0    2 282 274 187  59 232  15   8   8 5.3176 
  7   1  19   1   1   1  1  0 1.00  77 344 111 33 263 217 353   1  0    1 308 344 111  33 263 217 -36  36 5.3814 
  7   1  19   1   1   1  2  0 2.25  78  66 270 224 46 223  58   4  2    2 292 270  66 224  46 223  22  22 5.4944 
  7   1  19   1   1   1  2  0 2.25  79 252 85 329 56 126 180   2  5    5 135 126 252  85 329  56   9   9 8.6265 
  7   1  19   1   1   1  1  0 1.00  80 185 344 109 288 229  12   2  0    2   5 344 185 109 288 229  21  21 6.1546 
  7   1  19   1   1   1  2  0 2.25  81 325 136 164 28 211 325   4  2    2 174 136 325 164  28 211  38  38 7.0834 
  7   1  19   1   1   1  1  0 1.00  82 151 61 85 320 327 286   3  0    3  94  85 151  61 320 327   9   9 7.4513 
  7   1  19   1   1   1  1  0 1.00  83 185 268 145 354 260  92   3  0    3 183 145 185 268 354 260  38  38 7.6520 
  7   1  19   1   1   1  2  0 2.25  84 280 16 270 229 59 173   3  2    2  13  16 280 270 229  59  -3   3 6.5038 
  7   1  19   1   1   1  2  0 2.25  85  68 131 334 236 165 157   4  3    3 333 334  68 131 236 165  -1   1 5.6982 
  7   1  19   1   1   1  2  0 2.25  86  92 281 163  4 267 101   4  1    1  70  92 281 163   4 267 -22  22 7.5500 
  7   1  19   1   1   1  1  0 1.00  87 229 226 301 275 125  11   1  0    1 222 229 226 301 275 125  -7   7 6.9547 
  7   1  19   1   1   1  1  0 1.00  88 111 109 337 171 168 187   1  0    1 109 111 109 337 171 168  -2   2 5.3835 
  7   1  19   1   1   1  2  0 2.25  89 269  9 18 200 16 122   1  2    2  14   9 269  18 200  16   5   5 7.7837 
  7   1  19   1   1   1  1  0 1.00  90 265 288 180 49 133 168   4  0    4  13  49 265 288 180 133 -36  36 5.7549 
  7   1  19   1   1   1  1  0 1.00  91  64 67 283 279 355 161   3  0    3 283 283  64  67 279 355   0   0 10.4007 
  7   1  19   1   1   1  2  0 2.25  92 174 255 97 77 297 252   2  3    3 315  97 174 255  77 297 -142 142 5.9555 
  7   1  19   1   1   1  2  0 2.25  93 234 145 44 27 122 168   2  5    5 134 122 234 145  44  27  12  12 4.1964 
  7   1  19   1   1   1  2  0 2.25  94 185 210 142 128 315 206   1  2    2 236 210 185 142 128 315  26  26 5.5501 
  7   1  19   1   1   1  2  0 2.25  95   8 360 83 210 314 231   2  1    1 356   8 360  83 210 314 -12  12 5.3676 
  7   1  19   1   1   1  1  0 1.00  96 108 352 191 261 253 192   2  0    2   2 352 108 191 261 253  10  10 5.1415 
  7   1  19   1   1   1  1  0 1.00  97 178 242 278 186 89 301   5  0    5 103  89 178 242 278 186  14  14 4.5407 
  7   1  19   1   1   1  1  0 1.00  98  30 43 130 144 107 100   1  0    1  36  30  43 130 144 107   6   6 3.8848 
  7   1  19   1   1   1  2  0 2.25  99  84 249 187 330 13 229   1  5    5  11  13  84 249 187 330  -2   2 3.3309 
  7   1  19   1   1   1  1  0 1.00 100 352 130 122 149 195  75   4  0    4 179 149 352 130 122 195  30  30 3.3643 
  7   1  19   1   0   0  0  2 2.25   1 219 62 267 315 94 128   0  0    2 239  62 219 267 315  94 177 177 5.5775 
  7   1  19   1   0   0  0  1 1.00   2 105 60 189 150 248 177   0  0    5 239 248 105  60 189 150  -9   9 4.9879 
  7   1  19   1   0   0  0  1 1.00   3 132 154 75 316 145 180   0  0    4  18 316 132 154  75 145  62  62 5.6942 
  7   1  19   1   0   0  0  2 2.25   4 260 263 347 330 55 349   0  0    3  11 347 260 263 330  55  24  24 5.1444 
  7   1  19   1   1   0  0  1 1.00   1  63 109 207 182 139  69   0  0    1  17  63 109 207 182 139 -46  46 6.6302 
  7   1  19   1   1   0  0  2 2.25   2 207 287 51 83 352 289   0  0    4  63  83 207 287  51 352 -20  20 6.7779 
  7   1  19   1   1   0  0  2 2.25   3  79 307 343 13 91 289   0  0    3 338 343  79 307  13  91  -5   5 5.6315 
  7   1  19   1   1   0  0  2 2.25   4 284 303 190 279 95 235   0  0    2  87 303 284 190 279  95 144 144 6.0443 
  7   1  19   1   1   0  0  1 1.00   5 122 151 201 73 207  51   0  0    3 200 201 122 151  73 207  -1   1 5.1876 
  7   1  19   1   1   0  0  2 2.25   6 304 330 191 194 98 352   0  0    2 307 330 304 191 194  98 -23  23 5.4342 
  7   1  19   1   1   0  0  1 1.00   7  83 185 343 136 201  27   0  0    2 200 185  83 343 136 201  15  15 5.9700 
  7   1  19   1   1   0  0  1 1.00   8 264 349 166 156 157 277   0  0    2   6 349 264 166 156 157  17  17 4.1480 
  7   1  19   1   1   0  0  1 1.00   9 137 163 101 134 210 323   0  0    4 188 134 137 163 101 210  54  54 5.4813 
  7   1  19   1   1   0  0  1 1.00  10  16 171 203 156 231 256   0  0    3 175 203  16 171 156 231 -28  28 4.4718 
  7   1  19   1   1   0  0  2 2.25  11 157 249 16 223 32 303   0  0    3 150  16 157 249 223  32 134 134 8.6199 
  7   1  19   1   1   0  0  2 2.25  12 110 277 353 69 346 245   0  0    1  34 110 277 353  69 346 -76  76 5.7014 
  7   1  19   1   1   0  0  2 2.25  13 106 170 263 337 342  22   0  0    2 151 170 106 263 337 342 -19  19 7.8627 
  7   1  19   1   1   0  0  1 1.00  14  41 319 353 131 241 143   0  0    2 295 319  41 353 131 241 -24  24 7.8832 
  7   1  19   1   1   0  0  1 1.00  15 325 66  1 32 141 191   0  0    1 159 325  66   1  32 141 -166 166 5.7510 
  7   1  19   1   1   0  0  2 2.25  16 287 139 237 352 207 296   0  0    1 311 287 139 237 352 207  24  24 8.0063 
  7   1  19   1   1   0  0  2 2.25  17 192 265 84 10 134 272   0  0    1 183 192 265  84  10 134  -9   9 5.1933 
  7   1  19   1   1   0  0  2 2.25  18 280 287 43 343 123 224   0  0    3 284  43 280 287 343 123 -119 119 7.4478 
  7   1  19   1   1   0  0  1 1.00  19 171 67 201 89 278  21   0  0    4 152  89 171  67 201 278  63  63 8.1974 
  7   1  19   1   1   0  0  1 1.00  20 178 14 317 271 341   2   0  0    2 359  14 178 317 271 341 -15  15 5.4202 
  7   1  19   1   1   0  0  2 2.25  21 256 168 254 140 117  17   0  0    5 227 117 256 168 254 140 110 110 11.9851 
  7   1  19   1   1   0  0  2 2.25  22 222 17 232 30 126  26   0  0    3 235 232 222  17  30 126   3   3 5.4490 
  7   1  19   1   1   0  0  2 2.25  23 283 348 346 225 236  83   0  0    3 348 346 283 348 225 236   2   2 10.0132 
  7   1  19   1   1   0  0  1 1.00  24  62 267 48 298 359 283   0  0    1  78  62 267  48 298 359  16  16 6.7453 
  7   1  19   1   1   0  0  1 1.00  25  19 173 331 326 201 260   0  0    2 180 173  19 331 326 201   7   7 6.3477 
  7   1  19   1   1   0  0  1 1.00  26 340 272 88 51 18 334   0  0    3   8  88 340 272  51  18 -80  80 3.6165 
  7   1  19   1   1   0  0  2 2.25  27  22 148 267 84 116  28   0  0    3 258 267  22 148  84 116  -9   9 6.0156 
  7   1  19   1   1   0  0  2 2.25  28 144 176 207 149 218   8   0  0    2 205 176 144 207 149 218  29  29 4.8927 
  7   1  19   1   1   0  0  2 2.25  29 131 212 279 135 21 235   0  0    2 174 212 131 279 135  21 -38  38 6.2078 
  7   1  19   1   1   0  0  1 1.00  30 173 205 241 49 336 248   0  0    2 198 205 173 241  49 336  -7   7 6.3360 
  7   1  19   1   1   0  0  1 1.00  31  54 15 137 29 11 280   0  0    2  29  15  54 137  29  11  14  14 6.0588 
  7   1  19   1   1   0  0  1 1.00  32 288  5 219 158 122 238   0  0    4  71 158 288   5 219 122 -87  87 5.6492 
  7   1  19   1   1   0  0  1 1.00  33 232 335 118 219  1  49   0  0    1 233 232 335 118 219   1   1   1 9.3447 
  7   1  19   1   1   0  0  1 1.00  34 163  9 230 353 75 234   0  0    3  24 230 163   9 353  75 154 154 8.4561 
  7   1  19   1   1   0  0  1 1.00  35 290 60 96  8 313 147   0  0    1 285 290  60  96   8 313  -5   5 4.0041 
  7   1  19   1   1   0  0  1 1.00  36  10 17 154 296 311  26   0  0    4 299 296  10  17 154 311   3   3 6.5428 
  7   1  19   1   1   0  0  1 1.00  37 200 57 110 221 301 251   0  0    4 211 221 200  57 110 301 -10  10 8.4654 
  7   1  19   1   1   0  0  2 2.25  38 317 76 224  5 66 122   0  0    2  65  76 317 224   5  66 -11  11 5.9697 
  7   1  19   1   1   0  0  1 1.00  39 159 153 272 114 160 316   0  0    3 287 272 159 153 114 160  15  15 5.7796 
  7   1  19   1   1   0  0  1 1.00  40 269 126 357 28  4  84   0  0    3  39 357 269 126  28   4  42  42 8.2457 
  7   1  19   1   1   0  0  1 1.00  41 134 177 50 233 114  67   0  0    4 203 233 134 177  50 114 -30  30 6.0983 
  7   1  19   1   1   0  0  2 2.25  42 240 157 198 310 352 133   0  0    3 254 198 240 157 310 352  56  56 4.9081 
  7   1  19   1   1   0  0  2 2.25  43 221 61 52 175 244 342   0  0    5 216 244 221  61  52 175 -28  28 4.6224 
  7   1  19   1   1   0  0  2 2.25  44 233 77 179 209 188 274   0  0    1 236 233  77 179 209 188   3   3 7.2283 
  7   1  19   1   1   0  0  1 1.00  45 317 172 213 183 279 335   0  0    1 299 317 172 213 183 279 -18  18 8.8348 
  7   1  19   1   1   0  0  2 2.25  46 312 243 208 187 74 298   0  0    2 264 243 312 208 187  74  21  21 7.8680 
  7   1  19   1   1   0  0  1 1.00  47 178 328  6 117 325 104   0  0    4 178 117 178 328   6 325  61  61 10.6244 
  7   1  19   1   1   0  0  2 2.25  48 356 148 71 41 84 215   0  0    2 187 148 356  71  41  84  39  39 6.5917 
  7   1  19   1   1   0  0  1 1.00  49 211 323 310 153 47 290   0  0    1 202 211 323 310 153  47  -9   9 5.3923 
  7   1  19   1   1   0  0  1 1.00  50  66 259  5 160 313 165   0  0    2 264 259  66   5 160 313   5   5 3.9222 
  7   1  19   1   1   0  0  2 2.25  51 314 68 346 349 256 237   0  0    2  90  68 314 346 349 256  22  22 4.9364 
  7   1  19   1   1   0  0  2 2.25  52 132 252 301 112 148 134   0  0    5 186 148 132 252 301 112  38  38 5.1534 
  7   1  19   1   1   0  0  2 2.25  53 227 40 329 54 241 306   0  0    4  48  54 227  40 329 241  -6   6 6.1294 
  7   1  19   1   1   0  0  1 1.00  54 211 345 54 49 115  24   0  0    5 176 115 211 345  54  49  61  61 5.2371 
  7   1  19   1   1   0  0  1 1.00  55  18 224 192 238 56  82   0  0    2 243 224  18 192 238  56  19  19 5.5412 
  7   1  19   1   1   0  0  2 2.25  56 330 352 283 185 15 108   0  0    2   2 352 330 283 185  15  10  10 5.0216 
  7   1  19   1   1   0  0  2 2.25  57 168 281 251 67 33 305   0  0    3  17 251 168 281  67  33 126 126 6.1630 
  7   1  19   1   1   0  0  1 1.00  58 357 304 251 109 322 278   0  0    5 352 322 357 304 251 109  30  30 5.8214 
  7   1  19   1   1   0  0  1 1.00  59 204 131 240 202 96  82   0  0    5  73  96 204 131 240 202 -23  23 6.5574 
  7   1  19   1   1   0  0  2 2.25  60 324 170 199 163 235 216   0  0    5 163 235 324 170 199 163 -72  72 8.9879 
  7   1  19   1   1   0  0  2 2.25  61  49 54  4 315 139 109   0  0    1  62  49  54   4 315 139  13  13 5.7743 
  7   1  19   1   1   0  0  2 2.25  62 289 84 101 349 134 135   0  0    5 153 134 289  84 101 349  19  19 5.6691 
  7   1  19   1   1   0  0  1 1.00  63  72 356 208 245 254 216   0  0    3 198 208  72 356 245 254 -10  10 4.8833 
  7   1  19   1   1   0  0  2 2.25  64 320 179 168 113 119 118   0  0    3 189 168 320 179 113 119  21  21 6.2543 
  7   1  19   1   1   0  0  2 2.25  65 198 147 229 233 335 156   0  0    3 227 229 198 147 233 335  -2   2 6.2251 
  7   1  19   1   1   0  0  2 2.25  66 343 198 318 288 113 264   0  0    5 113 113 343 198 318 288   0   0 5.3973 
  7   1  19   1   1   0  0  1 1.00  67 266 312 345 194 148 314   0  0    4 209 194 266 312 345 148  15  15 5.3912 
  7   1  19   1   1   0  0  2 2.25  68 180 17 181 277 91 330   0  0    1 187 180  17 181 277  91   7   7 5.0057 
  7   1  19   1   1   0  0  2 2.25  69 289 208 61  3 119 174   0  0    5 192 119 289 208  61   3  73  73 4.1719 
  7   1  19   1   1   0  0  1 1.00  70 295 22 281 359 75 325   0  0    5 154  75 295  22 281 359  79  79 3.8479 
  7   1  19   1   1   0  0  1 1.00  71 309 259 91 305 223 256   0  0    1 303 309 259  91 305 223  -6   6 4.3413 
  7   1  19   1   1   0  0  2 2.25  72  32 335 82 198 116   7   0  0    4 176 198  32 335  82 116 -22  22 4.3785 
  7   1  19   1   1   0  0  2 2.25  73 244 139 271 288 259 172   0  0    5 263 259 244 139 271 288   4   4 4.3227 
  7   1  19   1   1   0  0  2 2.25  74 278 19 274 276 301  79   0  0    2  13  19 278 274 276 301  -6   6 3.3332 
  7   1  19   1   1   0  0  1 1.00  75 197 292 336 359 354  71   0  0    2 296 292 197 336 359 354   4   4 4.6033 
  7   1  19   1   1   0  0  2 2.25  76 303 32 87 65 42 243   0  0    4  66  65 303  32  87  42   1   1 7.2858 
  7   1  19   1   1   0  0  2 2.25  77  55 207 210 140  5 275   0  0    3 176 210  55 207 140   5 -34  34 6.0542 
  7   1  19   1   1   0  0  1 1.00  78 114 182 295 351 229 360   0  0    4 355 351 114 182 295 229   4   4 5.9407 
  7   1  19   1   1   0  0  2 2.25  79 308 218 194 120 225 203   0  0    1 330 308 218 194 120 225  22  22 4.3885 
  7   1  19   1   1   0  0  2 2.25  80 241 216 293 104 155 182   0  0    5 198 155 241 216 293 104  43  43 4.1721 
  7   1  19   1   1   0  0  2 2.25  81 290 203 126 187 236 112   0  0    1 308 290 203 126 187 236  18  18 4.7567 
  7   1  19   1   1   0  0  1 1.00  82 160 296 76 25 126 289   0  0    2 315 296 160  76  25 126  19  19 6.8406 
  7   1  19   1   1   0  0  1 1.00  83  13 307 261 355 49 335   0  0    4 354 355  13 307 261  49  -1   1 5.7268 
  7   1  19   1   1   0  0  1 1.00  84 194 357 269 172 342 335   0  0    4 185 172 194 357 269 342  13  13 4.7390 
  7   1  19   1   1   0  0  2 2.25  85 118 105 108 271 344 356   0  0    5 326 344 118 105 108 271 -18  18 3.9163 
  7   1  19   1   1   0  0  1 1.00  86 138 10 186 100 341  91   0  0    2 354  10 138 186 100 341 -16  16 4.8585 
  7   1  19   1   1   0  0  1 1.00  87  24 111 133 56 157 255   0  0    3 175 133  24 111  56 157  42  42 7.9381 
  7   1  19   1   1   0  0  2 2.25  88 133 98 356 168 77 282   0  0    1 187 133  98 356 168  77  54  54 6.1438 
  7   1  19   1   1   0  0  2 2.25  89 206 75  3 58 77 259   0  0    4  74  58 206  75   3  77  16  16 3.9756 
  7   1  19   1   1   0  0  1 1.00  90 260 135 259 34  2 219   0  0    3 269 259 260 135  34   2  10  10 4.7796 
  7   1  19   1   1   0  0  1 1.00  91  95 134 252 57 174 109   0  0    3 271 252  95 134  57 174  19  19 5.1749 
  7   1  19   1   1   0  0  1 1.00  92  38 156 202 147 45   8   0  0    5  56  45  38 156 202 147  11  11 4.8737 
  7   1  19   1   1   0  0  2 2.25  93 175 350 251 78 74  15   0  0    1 180 175 350 251  78  74   5   5 5.2613 
  7   1  19   1   1   0  0  1 1.00  94 118 100 277 36 201 132   0  0    5 194 201 118 100 277  36  -7   7 3.3008 
  7   1  19   1   1   0  0  1 1.00  95 317 236  1 180 264  67   0  0    1 277 317 236   1 180 264 -40  40 3.5404 
  7   1  19   1   1   0  0  1 1.00  96 268 237 109 266 138  70   0  0    5 195 138 268 237 109 266  57  57 5.9223 
  7   1  19   1   1   0  0  1 1.00  97  39 68 198 12 294 334   0  0    2 223  68  39 198  12 294 155 155 5.4303 
  7   1  19   1   1   0  0  2 2.25  98 115  1 167 120 91 128   0  0    5  70  91 115   1 167 120 -21  21 5.1154 
  7   1  19   1   1   0  0  2 2.25  99  10 34 202 320 293  77   0  0    4 344 320  10  34 202 293  24  24 6.8375 
  7   1  19   1   1   0  0  2 2.25 100 263 103 19 157 112 219   0  0    1 263 263 103  19 157 112   0   0 7.1603 
