  9   1  19   1   0   1  2  0 2.25   1 195 227 281 140 51 119   2  4    4 181 140 195 227 281  51  41  41 4.0522 
  9   1  19   1   0   1  1  0 1.00   2 193 206 53 292 157  89   1  0    1 179 193 206  53 292 157 -14  14 2.3195 
  9   1  19   1   0   1  2  0 2.25   3 181 165 287 106 124 342   3  2    2 167 165 181 287 106 124   2   2 3.3820 
  9   1  19   1   0   1  1  0 1.00   4  22 18 168 115 157 317   5  0    5 150 157  22  18 168 115  -7   7 2.8855 
  9   1  19   1   1   1  2  0 2.25   1 323 29 191 288 304 168   1  2    2  36  29 323 191 288 304   7   7 1.9151 
  9   1  19   1   1   1  2  0 2.25   2 216 258 38 267 39 347   2  5    5  36  39 216 258  38 267  -3   3 1.8821 
  9   1  19   1   1   1  1  0 1.00   3 311 254 44 236 324 259   5  0    5 328 324 311 254  44 236   4   4 1.9992 
  9   1  19   1   1   1  2  0 2.25   4 283 240 232 262 32  97   3  4    4 272 262 283 240 232  32  10  10 1.7228 
  9   1  19   1   1   1  2  0 2.25   5 163 158 93 97 53 197   4  5    5  33  53 163 158  93  97 -20  20 3.6499 
  9   1  19   1   1   1  2  0 2.25   6 228 116 227 300 257 309   3  1    1 236 228 116 227 300 257   8   8 4.9456 
  9   1  19   1   1   1  1  0 1.00   7 294 308 268 52 65 247   1  0    1 296 294 308 268  52  65   2   2 2.1293 
  9   1  19   1   1   1  1  0 1.00   8  98 114 43 288 156  34   2  0    2 109 114  98  43 288 156  -5   5 4.6201 
  9   1  19   1   1   1  1  0 1.00   9  96 297 358 244 348 108   1  0    1  99  96 297 358 244 348   3   3 4.6247 
  9   1  19   1   1   1  1  0 1.00  10 334 142 161 354 304 337   2  0    2 132 142 334 161 354 304 -10  10 7.8373 
  9   1  19   1   1   1  1  0 1.00  11  67 308 116 179 37 224   4  0    4 118 179  67 308 116  37 -61  61 6.0137 
  9   1  19   1   1   1  1  0 1.00  12 273 321 74 97 53 103   3  0    3  87  74 273 321  97  53  13  13 2.1136 
  9   1  19   1   1   1  2  0 2.25  13  16 80 51 158 99  73   3  2    2 102  80  16  51 158  99  22  22 1.6563 
  9   1  19   1   1   1  1  0 1.00  14 130 39 288 258 69 141   1  0    1 132 130  39 288 258  69   2   2 3.4230 
  9   1  19   1   1   1  1  0 1.00  15  40 86 224 149 226  23   4  0    4 112 149  40  86 224 226 -37  37 3.4051 
  9   1  19   1   1   1  2  0 2.25  16 341 105 236 30 136  64   1  4    4  34  30 341 105 236 136   4   4 5.9351 
  9   1  19   1   1   1  1  0 1.00  17 110 246 116 242 65 157   3  0    3 117 116 110 246 242  65   1   1 1.3816 
  9   1  19   1   1   1  1  0 1.00  18  84  5 77 253 199 203   1  0    1  93  84   5  77 253 199   9   9 3.1992 
  9   1  19   1   1   1  1  0 1.00  19 225  7 341 11 125  51   4  0    4   3  11 225   7 341 125  -8   8 7.3981 
  9   1  19   1   1   1  2  0 2.25  20  75 49 298 287 254 296   2  3    3 301 298  75  49 287 254   3   3 5.9722 
  9   1  19   1   1   1  2  0 2.25  21  99 304 338  3 138 345   3  1    1  99  99 304 338   3 138   0   0 5.7007 
  9   1  19   1   1   1  2  0 2.25  22  92 204 111 280 307 255   2  1    1 103  92 204 111 280 307  11  11 13.9118 
  9   1  19   1   1   1  2  0 2.25  23 349 154 45 164 250  50   4  5    5 250 250 349 154  45 164   0   0 10.7699 
  9   1  19   1   1   1  2  0 2.25  24 278 23 183 242 101 154   2  1    1 285 278  23 183 242 101   7   7 2.1737 
  9   1  19   1   1   1  1  0 1.00  25  83 201 238 151 280 177   3  0    3 248 238  83 201 151 280  10  10 2.4791 
  9   1  19   1   1   1  1  0 1.00  26 184 137 354 250 154 308   1  0    1 209 184 137 354 250 154  25  25 5.3363 
  9   1  19   1   1   1  2  0 2.25  27  78 16 296 53 337 335   1  2    2 355  16  78 296  53 337 -21  21 6.7227 
  9   1  19   1   1   1  2  0 2.25  28  66 314 215 13 331 176   3  1    1  88  66 314 215  13 331  22  22 5.9084 
  9   1  19   1   1   1  2  0 2.25  29 255 259 150  1 129  93   4  2    2 254 259 255 150   1 129  -5   5 2.5594 
  9   1  19   1   1   1  1  0 1.00  30  69 90 350 258 360 141   2  0    2  82  90  69 350 258 360  -8   8 2.3531 
  9   1  19   1   1   1  2  0 2.25  31 344 154 18 336 168 274   3  2    2 140 154 344  18 336 168 -14  14 4.2222 
  9   1  19   1   1   1  2  0 2.25  32 210 163 333 75 50 262   1  4    4  99  75 210 163 333  50  24  24 2.4786 
  9   1  19   1   1   1  2  0 2.25  33  39 143 200 191 354 170   5  2    2 131 143  39 200 191 354 -12  12 5.7989 
  9   1  19   1   1   1  1  0 1.00  34 278 360 327 26 176 295   2  0    2   4 360 278 327  26 176   4   4 2.2116 
  9   1  19   1   1   1  2  0 2.25  35  78 87 271 116 238  14   5  4    4  84 116  78  87 271 238 -32  32 2.2069 
  9   1  19   1   1   1  1  0 1.00  36 313 41 331 286 301  16   3  0    3 343 331 313  41 286 301  12  12 3.2549 
  9   1  19   1   1   1  2  0 2.25  37  51 318 216 317 289 174   3  2    2 314 318  51 216 317 289  -4   4 1.7031 
  9   1  19   1   1   1  2  0 2.25  38 167 337 229 250 297 169   5  3    3 153 229 167 337 250 297 -76  76 1.4550 
  9   1  19   1   1   1  1  0 1.00  39 114 236 359 183 219 103   1  0    1 125 114 236 359 183 219  11  11 3.3179 
  9   1  19   1   1   1  1  0 1.00  40 226 166 75 284 324 313   1  0    1 238 226 166  75 284 324  12  12 3.2320 
  9   1  19   1   1   1  1  0 1.00  41 154 110 119 288 228   1   3  0    3 120 119 154 110 288 228   1   1 3.5496 
  9   1  19   1   1   1  2  0 2.25  42  62 280 308 324 156 125   3  5    5 140 156  62 280 308 324 -16  16 2.7054 
  9   1  19   1   1   1  2  0 2.25  43 228 31 166 217 327  37   4  5    5 313 327 228  31 166 217 -14  14 4.0001 
  9   1  19   1   1   1  1  0 1.00  44 291 81 105 236 338 237   1  0    1 324 291  81 105 236 338  33  33 1.3102 
  9   1  19   1   1   1  2  0 2.25  45 271 27 287 281 100 125   3  2    2  40  27 271 287 281 100  13  13 4.8545 
  9   1  19   1   1   1  1  0 1.00  46   2 356 54 287 289 280   5  0    5 316 289   2 356  54 287  27  27 3.4976 
  9   1  19   1   1   1  2  0 2.25  47 353 231 283 219 324 179   5  3    3 294 283 353 231 219 324  11  11 1.3994 
  9   1  19   1   1   1  1  0 1.00  48 279 210 332 133 264 193   2  0    2 205 210 279 332 133 264  -5   5 1.6964 
  9   1  19   1   1   1  1  0 1.00  49 122 124 55 118 305  23   4  0    4 131 118 122 124  55 305  13  13 4.5330 
  9   1  19   1   1   1  1  0 1.00  50 312 247 245 329 187 299   5  0    5 182 187 312 247 245 329  -5   5 5.9731 
  9   1  19   1   1   1  1  0 1.00  51  66 307  7 90 184 159   1  0    1  40  66 307   7  90 184 -26  26 1.5937 
  9   1  19   1   1   1  1  0 1.00  52  83 210 169 297 190 225   3  0    3 194 169  83 210 297 190  25  25 3.0991 
  9   1  19   1   1   1  1  0 1.00  53 357 355 172 73 231 239   5  0    5 218 231 357 355 172  73 -13  13 2.8542 
  9   1  19   1   1   1  1  0 1.00  54 123 46 341 307 89 127   4  0    4 322 307 123  46 341  89  15  15 4.8275 
  9   1  19   1   1   1  1  0 1.00  55  54 236  4 46 12 305   1  0    1  51  54 236   4  46  12  -3   3 2.5439 
  9   1  19   1   1   1  2  0 2.25  56 355 39 223 282  3 122   5  2    2  28  39 355 223 282   3 -11  11 2.0135 
  9   1  19   1   1   1  1  0 1.00  57 117 212 174 137 317  64   3  0    3 203 174 117 212 137 317  29  29 2.4132 
  9   1  19   1   1   1  2  0 2.25  58 185 333 197 337 118 213   4  3    3 205 197 185 333 337 118   8   8 2.7915 
  9   1  19   1   1   1  1  0 1.00  59 193 129 75 141 106  31   5  0    5 112 106 193 129  75 141   6   6 2.3276 
  9   1  19   1   1   1  2  0 2.25  60 310 255 149 199 61  46   1  5    5  81  61 310 255 149 199  20  20 3.0381 
  9   1  19   1   1   1  2  0 2.25  61  32 173  1 84 326 310   5  3    3 335   1  32 173  84 326 -26  26 2.0151 
  9   1  19   1   1   1  2  0 2.25  62 256  2 302 351 287  15   5  2    2   8   2 256 302 351 287   6   6 2.1061 
  9   1  19   1   1   1  1  0 1.00  63 296 157 96 129 313  25   2  0    2 159 157 296  96 129 313   2   2 17.1579 
  9   1  19   1   1   1  1  0 1.00  64 124 244 231 295 125 289   3  0    3 238 231 124 244 295 125   7   7 7.4159 
  9   1  19   1   1   1  2  0 2.25  65 151 194 95 111 35 327   1  3    3 106  95 151 194 111  35  11  11 5.0294 
  9   1  19   1   1   1  1  0 1.00  66  35 164 45 193 57 175   4  0    4 237 193  35 164  45  57  44  44 2.9936 
  9   1  19   1   1   1  2  0 2.25  67 262 234 56 93 332  24   4  5    5 315 332 262 234  56  93 -17  17 7.6847 
  9   1  19   1   1   1  1  0 1.00  68 321 323 49 244 268 243   2  0    2 332 323 321  49 244 268   9   9 1.7560 
  9   1  19   1   1   1  2  0 2.25  69 316 180 324 197 48   4   1  2    2 185 180 316 324 197  48   5   5 1.7298 
  9   1  19   1   1   1  2  0 2.25  70 104 285 241 84 242  39   5  2    2 294 285 104 241  84 242   9   9 1.7363 
  9   1  19   1   1   1  2  0 2.25  71  19 272 280 210 103  47   2  1    1  35  19 272 280 210 103  16  16 1.3267 
  9   1  19   1   1   1  2  0 2.25  72  37 356 283 267 145  56   2  1    1  41  37 356 283 267 145   4   4 1.3664 
  9   1  19   1   1   1  1  0 1.00  73 318 223 134 125 327  34   2  0    2 232 223 318 134 125 327   9   9 1.2567 
  9   1  19   1   1   1  2  0 2.25  74 296 345 224 244 351 235   2  3    3 207 224 296 345 244 351 -17  17 3.6431 
  9   1  19   1   1   1  1  0 1.00  75 273 140 230 327 242 231   5  0    5 229 242 273 140 230 327 -13  13 1.2162 
  9   1  19   1   1   1  1  0 1.00  76  50 311 258 157 148  69   4  0    4 152 157  50 311 258 148  -5   5 4.1397 
  9   1  19   1   1   1  2  0 2.25  77 137 317 206 121 287 195   5  1    1 142 137 317 206 121 287   5   5 1.7756 
  9   1  19   1   1   1  2  0 2.25  78  40 344 329 196 24   2   1  3    3 332 329  40 344 196  24   3   3 1.8206 
  9   1  19   1   1   1  2  0 2.25  79 301 99 64 307 346 234   5  3    3  58  64 301  99 307 346  -6   6 1.8157 
  9   1  19   1   1   1  2  0 2.25  80 100 157 333 136 158 149   2  1    1 100 100 157 333 136 158   0   0 3.7627 
  9   1  19   1   1   1  2  0 2.25  81  73 167 234 284 330 285   2  3    3 236 234  73 167 284 330   2   2 5.1183 
  9   1  19   1   1   1  2  0 2.25  82 202 217 143 229 142  95   4  2    2 235 217 202 143 229 142  18  18 1.4897 
  9   1  19   1   1   1  2  0 2.25  83  22 134 327 240 74 194   3  2    2 177 134  22 327 240  74  43  43 10.3543 
  9   1  19   1   1   1  1  0 1.00  84 105 73 221 353 87 339   4  0    4 334 353 105  73 221  87 -19  19 2.6039 
  9   1  19   1   1   1  1  0 1.00  85 191 249 199  4 145 107   2  0    2 253 249 191 199   4 145   4   4 1.6436 
  9   1  19   1   1   1  2  0 2.25  86 315 286 127 182 159 303   3  4    4 179 182 315 286 127 159  -3   3 2.4622 
  9   1  19   1   1   1  2  0 2.25  87  45 255 306 32 11  89   4  2    2 258 255  45 306  32  11   3   3 3.5831 
  9   1  19   1   1   1  1  0 1.00  88  65 164 68 70 194   8   5  0    5 187 194  65 164  68  70  -7   7 2.6224 
  9   1  19   1   1   1  2  0 2.25  89 132 273 311 356 107 222   4  3    3 284 311 132 273 356 107 -27  27 2.4646 
  9   1  19   1   1   1  1  0 1.00  90 154 314 51 310 356 335   2  0    2 291 314 154  51 310 356 -23  23 1.8136 
  9   1  19   1   1   1  1  0 1.00  91 278 298 186 35 38   7   2  0    2 301 298 278 186  35  38   3   3 2.7015 
  9   1  19   1   1   1  2  0 2.25  92  65 257 276 76 148 301   3  5    5 155 148  65 257 276  76   7   7 6.9722 
  9   1  19   1   1   1  2  0 2.25  93 159 306 214 104 200 229   5  1    1 119 159 306 214 104 200 -40  40 6.4674 
  9   1  19   1   1   1  1  0 1.00  94  80 224 32  2 202 256   2  0    2 209 224  80  32   2 202 -15  15 5.8606 
  9   1  19   1   1   1  1  0 1.00  95 112 20 355 265 14 105   4  0    4 274 265 112  20 355  14   9   9 1.3347 
  9   1  19   1   1   1  1  0 1.00  96  45 106 245 17 127  66   3  0    3 243 245  45 106  17 127  -2   2 2.3624 
  9   1  19   1   1   1  2  0 2.25  97 159 215 239 208 110 143   2  5    5 110 110 159 215 239 208   0   0 4.3675 
  9   1  19   1   1   1  1  0 1.00  98  53 180 115 140 57 318   4  0    4 142 140  53 180 115  57   2   2 3.6625 
  9   1  19   1   1   1  1  0 1.00  99 234 60 35 83 344 135   4  0    4  97  83 234  60  35 344  14  14 2.6669 
  9   1  19   1   1   1  1  0 1.00 100 297 128 97 301 194  60   1  0    1 291 297 128  97 301 194  -6   6 6.9758 
  9   1  19   1   0   0  0  2 2.25   1 329 18 320 17 210 269   0  0    5 170 210 329  18 320  17 -40  40 5.0741 
  9   1  19   1   0   0  0  2 2.25   2 128 55 29 178 107 276   0  0    4  88 178 128  55  29 107 -90  90 2.8057 
  9   1  19   1   0   0  0  1 1.00   3 127 346 38 92 151 114   0  0    1 161 127 346  38  92 151  34  34 6.1778 
  9   1  19   1   0   0  0  1 1.00   4  93 207 83 218 191 322   0  0    4 206 218  93 207  83 191 -12  12 5.2515 
  9   1  19   1   1   0  0  1 1.00   1 236 310 19 241 149 199   0  0    5 169 149 236 310  19 241  20  20 3.3679 
  9   1  19   1   1   0  0  2 2.25   2 132 258 323 255 24 204   0  0    4 266 255 132 258 323  24  11  11 1.7936 
  9   1  19   1   1   0  0  2 2.25   3  45 107 16 340 306 264   0  0    5 302 306  45 107  16 340  -4   4 3.2040 
  9   1  19   1   1   0  0  1 1.00   4  44 287 261 132 160   2   0  0    2 297 287  44 261 132 160  10  10 2.3998 
  9   1  19   1   1   0  0  1 1.00   5  61 185 203 150 197 190   0  0    5 202 197  61 185 203 150   5   5 1.8364 
  9   1  19   1   1   0  0  2 2.25   6  48 326 199 54 143  36   0  0    1  40  48 326 199  54 143  -8   8 2.0929 
  9   1  19   1   1   0  0  2 2.25   7 161 155 214 261 244 119   0  0    4 274 261 161 155 214 244  13  13 1.9232 
  9   1  19   1   1   0  0  2 2.25   8  24 67 305 22 81 198   0  0    5  57  81  24  67 305  22 -24  24 7.0162 
  9   1  19   1   1   0  0  2 2.25   9 271 160 90 328 21  17   0  0    5  19  21 271 160  90 328  -2   2 3.9324 
  9   1  19   1   1   0  0  1 1.00  10 351 295 84 201 317 290   0  0    4 154 201 351 295  84 317 -47  47 2.4739 
  9   1  19   1   1   0  0  2 2.25  11 278 286 152 192 320  14   0  0    4 181 192 278 286 152 320 -11  11 7.4482 
  9   1  19   1   1   0  0  1 1.00  12  79 122 243 255 88 107   0  0    5  55  88  79 122 243 255 -33  33 3.8299 
  9   1  19   1   1   0  0  1 1.00  13 120 94 199 95 350 290   0  0    4 105  95 120  94 199 350  10  10 3.2084 
  9   1  19   1   1   0  0  1 1.00  14  85 313 86 310 281  64   0  0    2  27 313  85  86 310 281  74  74 1.8601 
  9   1  19   1   1   0  0  2 2.25  15 292 256 152 290 299  82   0  0    2 266 256 292 152 290 299  10  10 1.8519 
  9   1  19   1   1   0  0  1 1.00  16 249 184 66 289 169 194   0  0    4 342 289 249 184  66 169  53  53 1.3912 
  9   1  19   1   1   0  0  1 1.00  17  93 48 187 202 214 153   0  0    2  20  48  93 187 202 214 -28  28 4.3176 
  9   1  19   1   1   0  0  1 1.00  18 155 34 19 18 256 105   0  0    5  18 256 155  34  19  18 122 122 8.5553 
  9   1  19   1   1   0  0  2 2.25  19 189 334 302 45 320 117   0  0    4  26  45 189 334 302 320 -19  19 1.7197 
  9   1  19   1   1   0  0  2 2.25  20 254 144 128 57 241  78   0  0    3  22 128 254 144  57 241 -106 106 2.8930 
  9   1  19   1   1   0  0  1 1.00  21 328 68 97 165 317  14   0  0    4 182 165 328  68  97 317  17  17 11.7656 
  9   1  19   1   1   0  0  2 2.25  22  90 54 240 23 304 268   0  0    1  97  90  54 240  23 304   7   7 3.3824 
  9   1  19   1   1   0  0  2 2.25  23 327 263 147 311 353 115   0  0    1 317 327 263 147 311 353 -10  10 3.8791 
  9   1  19   1   1   0  0  2 2.25  24 233 98 338 208 178 317   0  0    5 164 178 233  98 338 208 -14  14 3.1881 
  9   1  19   1   1   0  0  2 2.25  25 350 142 321 222 265 186   0  0    2 142 142 350 321 222 265   0   0 3.2931 
  9   1  19   1   1   0  0  2 2.25  26 274 80 164 14 177 192   0  0    2 124  80 274 164  14 177  44  44 5.6904 
  9   1  19   1   1   0  0  2 2.25  27 327 167 54 353 290  67   0  0    2  75 167 327  54 353 290 -92  92 7.0686 
  9   1  19   1   1   0  0  2 2.25  28  26 333 152 332 105 351   0  0    1  19  26 333 152 332 105  -7   7 1.7900 
  9   1  19   1   1   0  0  1 1.00  29 325 153 144 94 55 238   0  0    1 345 325 153 144  94  55  20  20 1.5480 
  9   1  19   1   1   0  0  1 1.00  30 205 217 54 113 86 279   0  0    2 251 217 205  54 113  86  34  34 1.3236 
  9   1  19   1   1   0  0  2 2.25  31 247 136 255 296 309 299   0  0    5 341 309 247 136 255 296  32  32 1.9213 
  9   1  19   1   1   0  0  2 2.25  32  93 67 161 147 21 152   0  0    1  68  93  67 161 147  21 -25  25 11.0463 
  9   1  19   1   1   0  0  1 1.00  33   9 350 345 279 246 262   0  0    5 251 246   9 350 345 279   5   5 4.0719 
  9   1  19   1   1   0  0  1 1.00  34 143 242 356 314 336 109   0  0    4 320 314 143 242 356 336   6   6 2.9920 
  9   1  19   1   1   0  0  2 2.25  35 279 274 16 112 186 248   0  0    2 332 274 279  16 112 186  58  58 2.5933 
  9   1  19   1   1   0  0  2 2.25  36 109 29 234 86 237 255   0  0    2 252  29 109 234  86 237 -137 137 7.5389 
  9   1  19   1   1   0  0  2 2.25  37  42 102 194 33 258 303   0  0    3  52 194  42 102  33 258 -142 142 5.3851 
  9   1  19   1   1   0  0  2 2.25  38 306 149 37 134 55  84   0  0    1 300 306 149  37 134  55  -6   6 1.6396 
  9   1  19   1   1   0  0  1 1.00  39 158 260 239 300 115  17   0  0    5 185 115 158 260 239 300  70  70 4.1237 
  9   1  19   1   1   0  0  1 1.00  40 329 212 84 55 38  95   0  0    5  36  38 329 212  84  55  -2   2 1.9778 
  9   1  19   1   1   0  0  1 1.00  41 274 63 241 207 206 200   0  0    3 249 241 274  63 207 206   8   8 1.5042 
  9   1  19   1   1   0  0  2 2.25  42 315 111 163 279 182  46   0  0    1 321 315 111 163 279 182   6   6 1.3985 
  9   1  19   1   1   0  0  2 2.25  43 356 170 77  8 313 354   0  0    3  57  77 356 170   8 313 -20  20 2.2810 
  9   1  19   1   1   0  0  1 1.00  44 137 198 180 12 312 309   0  0    5 303 312 137 198 180  12  -9   9 4.4343 
  9   1  19   1   1   0  0  2 2.25  45 166 338 281 317 103  66   0  0    2 320 338 166 281 317 103 -18  18 3.6798 
  9   1  19   1   1   0  0  1 1.00  46  31 156 187 164 239 185   0  0    5 246 239  31 156 187 164   7   7 2.7524 
  9   1  19   1   1   0  0  1 1.00  47  89 262 67 122 331 217   0  0    1  91  89 262  67 122 331   2   2 4.3586 
  9   1  19   1   1   0  0  1 1.00  48 145  9 19 256 15 325   0  0    2  13   9 145  19 256  15   4   4 2.6912 
  9   1  19   1   1   0  0  2 2.25  49  26 122 268 233 103 208   0  0    1  19  26 122 268 233 103  -7   7 4.0566 
  9   1  19   1   1   0  0  2 2.25  50 200 330 83 102 278  30   0  0    2   5 330 200  83 102 278  35  35 5.0699 
  9   1  19   1   1   0  0  1 1.00  51  49 346 352 336 151 253   0  0    2 335 346  49 352 336 151 -11  11 2.6198 
  9   1  19   1   1   0  0  2 2.25  52 306 47 304 74 111 286   0  0    1 336 306  47 304  74 111  30  30 1.8282 
  9   1  19   1   1   0  0  2 2.25  53 234 342 320 79 271 219   0  0    5 278 271 234 342 320  79   7   7 2.1974 
  9   1  19   1   1   0  0  1 1.00  54 294 121 334 225 35  45   0  0    5  67  35 294 121 334 225  32  32 3.6262 
  9   1  19   1   1   0  0  2 2.25  55 234 68 333 12 306 242   0  0    5 304 306 234  68 333  12  -2   2 1.5614 
  9   1  19   1   1   0  0  1 1.00  56  56 282 175 181 296 204   0  0    3 200 175  56 282 181 296  25  25 3.1610 
  9   1  19   1   1   0  0  1 1.00  57  83 291 93 305 336  38   0  0    3  86  93  83 291 305 336  -7   7 2.7988 
  9   1  19   1   1   0  0  1 1.00  58 271 205 296 127 21   4   0  0    3  50 296 271 205 127  21 114 114 2.1071 
  9   1  19   1   1   0  0  1 1.00  59  21 114 283 288 300 173   0  0    1  21  21 114 283 288 300   0   0 2.2520 
  9   1  19   1   1   0  0  1 1.00  60 238 218 84 316 288 166   0  0    3  57  84 238 218 316 288 -27  27 2.4628 
  9   1  19   1   1   0  0  1 1.00  61 101 167 110 225 216 206   0  0    5 214 216 101 167 110 225  -2   2 5.3533 
  9   1  19   1   1   0  0  1 1.00  62  13 63 284 333 229 136   0  0    4 322 333  13  63 284 229 -11  11 2.8047 
  9   1  19   1   1   0  0  1 1.00  63 106 205 13 179 360 177   0  0    1 110 106 205  13 179 360   4   4 3.2489 
  9   1  19   1   1   0  0  1 1.00  64   7 144 142 187 146 226   0  0    4 166 187   7 144 142 146 -21  21 6.7625 
  9   1  19   1   1   0  0  1 1.00  65 286 178 202 307  5 233   0  0    2 195 178 286 202 307   5  17  17 2.3802 
  9   1  19   1   1   0  0  1 1.00  66 334 19  1 115 298   3   0  0    3 325   1 334  19 115 298 -36  36 4.2175 
  9   1  19   1   1   0  0  2 2.25  67 277 292 224 93 187 252   0  0    5 177 187 277 292 224  93 -10  10 2.9282 
  9   1  19   1   1   0  0  2 2.25  68 102 280 214 136 27  70   0  0    1 107 102 280 214 136  27   5   5 3.3320 
  9   1  19   1   1   0  0  2 2.25  69 322 317 225 51 27 106   0  0    4  67  51 322 317 225  27  16  16 2.0069 
  9   1  19   1   1   0  0  2 2.25  70 216 15 60 154 285 346   0  0    3  90  60 216  15 154 285  30  30 15.5283 
  9   1  19   1   1   0  0  2 2.25  71 272 288 273 155 309  89   0  0    1 280 272 288 273 155 309   8   8 3.6142 
  9   1  19   1   1   0  0  2 2.25  72  33 137 47 198 206 256   0  0    5 200 206  33 137  47 198  -6   6 13.0699 
  9   1  19   1   1   0  0  2 2.25  73 144 260  9 16 13  86   0  0    3 245   9 144 260  16  13 -124 124 6.0892 
  9   1  19   1   1   0  0  2 2.25  74 310 144 226 290 106 115   0  0    5 107 106 310 144 226 290   1   1 4.0910 
  9   1  19   1   1   0  0  1 1.00  75 219 52 91 198 190 141   0  0    1 236 219  52  91 198 190  17  17 4.3063 
  9   1  19   1   1   0  0  1 1.00  76 315 201 136 214 22 299   0  0    5  37  22 315 201 136 214  15  15 2.6105 
  9   1  19   1   1   0  0  2 2.25  77  48 280 177 233 113 355   0  0    5  96 113  48 280 177 233 -17  17 3.2515 
  9   1  19   1   1   0  0  2 2.25  78  61 331 189 179 320  70   0  0    1  54  61 331 189 179 320  -7   7 1.7938 
  9   1  19   1   1   0  0  1 1.00  79  71 210 81 82 230 157   0  0    2 241 210  71  81  82 230  31  31 9.5038 
  9   1  19   1   1   0  0  1 1.00  80   8 161 294 233 105 320   0  0    2 204 161   8 294 233 105  43  43 2.6090 
  9   1  19   1   1   0  0  1 1.00  81 150 249 127 324 29 349   0  0    1 132 150 249 127 324  29 -18  18 7.4614 
  9   1  19   1   1   0  0  1 1.00  82 345 358 72 110 203 351   0  0    4 113 110 345 358  72 203   3   3 1.6824 
  9   1  19   1   1   0  0  1 1.00  83 255 254 213 33 185   7   0  0    4  33  33 255 254 213 185   0   0 2.5485 
  9   1  19   1   1   0  0  2 2.25  84  63 114 352 99 351 126   0  0    5 350 351  63 114 352  99  -1   1 3.0395 
  9   1  19   1   1   0  0  1 1.00  85 240 260 186 143 164 256   0  0    3 139 186 240 260 143 164 -47  47 4.9941 
  9   1  19   1   1   0  0  2 2.25  86  78 154 162 207 340 289   0  0    2 137 154  78 162 207 340 -17  17 11.8569 
  9   1  19   1   1   0  0  1 1.00  87  32 200 130 273 36 341   0  0    1  35  32 200 130 273  36   3   3 2.8971 
  9   1  19   1   1   0  0  2 2.25  88 181 87 120 168 230 262   0  0    4 164 168 181  87 120 230  -4   4 10.5656 
  9   1  19   1   1   0  0  1 1.00  89 212 274 285 284 210 245   0  0    1 217 212 274 285 284 210   5   5 14.2589 
  9   1  19   1   1   0  0  2 2.25  90 307 162 52 20 266 202   0  0    3  28  52 307 162  20 266 -24  24 4.7495 
  9   1  19   1   1   0  0  2 2.25  91   7 227 316 54 62 184   0  0    4  52  54   7 227 316  62  -2   2 6.5181 
  9   1  19   1   1   0  0  2 2.25  92 292 88 40 357 15  24   0  0    3  26  40 292  88 357  15 -14  14 3.0301 
  9   1  19   1   1   0  0  2 2.25  93 193 329 246 250 315 260   0  0    4 240 250 193 329 246 315 -10  10 4.7338 
  9   1  19   1   1   0  0  1 1.00  94  97 43 189 138 140 222   0  0    3 183 189  97  43 138 140  -6   6 5.2585 
  9   1  19   1   1   0  0  1 1.00  95  30 345 233 176 44 228   0  0    3 228 233  30 345 176  44  -5   5 6.4899 
  9   1  19   1   1   0  0  2 2.25  96 114 310 124 112 172 108   0  0    1 117 114 310 124 112 172   3   3 5.2672 
  9   1  19   1   1   0  0  1 1.00  97 206 71 168 200 227  20   0  0    3 118 168 206  71 200 227 -50  50 5.3060 
  9   1  19   1   1   0  0  1 1.00  98 245  2 188 171 179 346   0  0    4 150 171 245   2 188 179 -21  21 14.9751 
  9   1  19   1   1   0  0  1 1.00  99 108 22 340 359 349 245   0  0    5  85 349 108  22 340 359  96  96 2.1118 
  9   1  19   1   1   0  0  2 2.25 100 227 274 261 155 248 121   0  0    5 269 248 227 274 261 155  21  21 3.5813 